time,device_id,x_pos,y_pos,velocity
2015-06-03 13:11:06.685858,BD49B35A-8999-4987-9759-8D3F28D1292B,484.0,334.5,0.0
2015-06-03 13:11:06.688354,BD49B35A-8999-4987-9759-8D3F28D1292B,474.5,337.0,9.823441505432127
2015-06-03 13:11:06.689959,BD49B35A-8999-4987-9759-8D3F28D1292B,473.0,341.5,4.7434163093566895
2015-06-03 13:11:06.691391,BD49B35A-8999-4987-9759-8D3F28D1292B,473.0,347.5,6.0
2015-06-03 13:11:06.692517,BD49B35A-8999-4987-9759-8D3F28D1292B,473.0,354.5,7.0
2015-06-03 13:11:06.693688,BD49B35A-8999-4987-9759-8D3F28D1292B,476.0,362.5,8.544003486633299
2015-06-03 13:11:06.694822,BD49B35A-8999-4987-9759-8D3F28D1292B,482.0,372.0,11.236102104187012
2015-06-03 13:11:06.695968,BD49B35A-8999-4987-9759-8D3F28D1292B,488.5,379.0,9.552486419677734
2015-06-03 13:11:06.697126,BD49B35A-8999-4987-9759-8D3F28D1292B,496.0,385.0,9.604686737060547
2015-06-03 13:11:06.698400,BD49B35A-8999-4987-9759-8D3F28D1292B,503.5,391.5,9.92471694946289
2015-06-03 13:11:06.709524,BD49B35A-8999-4987-9759-8D3F28D1292B,511.0,397.5,9.604686737060547
2015-06-03 13:11:06.725445,BD49B35A-8999-4987-9759-8D3F28D1292B,517.0,402.0,7.5
2015-06-03 13:11:06.742292,BD49B35A-8999-4987-9759-8D3F28D1292B,525.0,406.0,8.9442720413208
2015-06-03 13:11:06.759798,BD49B35A-8999-4987-9759-8D3F28D1292B,533.0,410.0,8.9442720413208
2015-06-03 13:11:06.776204,BD49B35A-8999-4987-9759-8D3F28D1292B,541.0,413.0,8.544003486633299
2015-06-03 13:11:06.792704,BD49B35A-8999-4987-9759-8D3F28D1292B,549.0,416.0,8.544003486633299
2015-06-03 13:11:06.808531,BD49B35A-8999-4987-9759-8D3F28D1292B,556.0,420.0,8.062257766723633
2015-06-03 13:11:06.825689,BD49B35A-8999-4987-9759-8D3F28D1292B,564.5,424.0,9.394146919250488
2015-06-03 13:11:06.842303,BD49B35A-8999-4987-9759-8D3F28D1292B,573.5,428.5,10.062305450439453
2015-06-03 13:11:06.859267,BD49B35A-8999-4987-9759-8D3F28D1292B,582.5,433.0,10.062305450439453
2015-06-03 13:11:06.876200,BD49B35A-8999-4987-9759-8D3F28D1292B,591.5,439.0,10.816654205322266
2015-06-03 13:11:06.892437,BD49B35A-8999-4987-9759-8D3F28D1292B,601.0,445.5,11.5108642578125
2015-06-03 13:11:06.909540,BD49B35A-8999-4987-9759-8D3F28D1292B,612.0,454.5,14.21267032623291
2015-06-03 13:11:06.924750,BD49B35A-8999-4987-9759-8D3F28D1292B,622.0,463.5,13.45362377166748
2015-06-03 13:11:06.941201,BD49B35A-8999-4987-9759-8D3F28D1292B,633.0,472.0,13.90143871307373
2015-06-03 13:11:06.957946,BD49B35A-8999-4987-9759-8D3F28D1292B,644.0,481.5,14.534441947937012
2015-06-03 13:11:06.974879,BD49B35A-8999-4987-9759-8D3F28D1292B,656.0,491.0,15.305228233337402
2015-06-03 13:11:06.992090,BD49B35A-8999-4987-9759-8D3F28D1292B,667.0,500.5,14.534441947937012
2015-06-03 13:11:07.009575,BD49B35A-8999-4987-9759-8D3F28D1292B,678.5,509.0,14.300349235534668
2015-06-03 13:11:07.025870,BD49B35A-8999-4987-9759-8D3F28D1292B,690.0,516.5,13.729530334472654
2015-06-03 13:11:07.042484,BD49B35A-8999-4987-9759-8D3F28D1292B,700.0,522.5,11.661903381347654
2015-06-03 13:11:07.059929,BD49B35A-8999-4987-9759-8D3F28D1292B,711.0,527.5,12.083045959472654
2015-06-03 13:11:07.075782,BD49B35A-8999-4987-9759-8D3F28D1292B,721.5,532.0,11.423659324645994
2015-06-03 13:11:07.093164,BD49B35A-8999-4987-9759-8D3F28D1292B,732.0,535.5,11.067972183227539
2015-06-03 13:11:07.110535,BD49B35A-8999-4987-9759-8D3F28D1292B,742.5,538.5,10.920165061950684
2015-06-03 13:11:07.125490,BD49B35A-8999-4987-9759-8D3F28D1292B,750.5,540.5,8.246211051940918
2015-06-03 13:11:07.341627,BD49B35A-8999-4987-9759-8D3F28D1292B,744.0,491.0,0.0
2015-06-03 13:11:07.374225,BD49B35A-8999-4987-9759-8D3F28D1292B,739.5,488.5,5.147815227508545
2015-06-03 13:11:07.389910,BD49B35A-8999-4987-9759-8D3F28D1292B,737.5,488.5,2.0
2015-06-03 13:11:07.407595,BD49B35A-8999-4987-9759-8D3F28D1292B,736.0,488.5,1.5
2015-06-03 13:11:07.422226,BD49B35A-8999-4987-9759-8D3F28D1292B,734.5,488.5,1.5
2015-06-03 13:11:07.441298,BD49B35A-8999-4987-9759-8D3F28D1292B,733.5,488.0,1.1180340051651
2015-06-03 13:11:07.462231,BD49B35A-8999-4987-9759-8D3F28D1292B,733.5,487.5,0.5
2015-06-03 13:11:07.477278,BD49B35A-8999-4987-9759-8D3F28D1292B,733.0,487.5,0.5
2015-06-03 13:11:07.495357,BD49B35A-8999-4987-9759-8D3F28D1292B,732.5,487.5,0.5
2015-06-03 13:11:07.559716,BD49B35A-8999-4987-9759-8D3F28D1292B,732.5,488.0,0.5
2015-06-03 13:11:07.576228,BD49B35A-8999-4987-9759-8D3F28D1292B,732.5,488.5,0.5
2015-06-03 13:11:07.608431,BD49B35A-8999-4987-9759-8D3F28D1292B,732.5,489.5,1.0
2015-06-03 13:11:07.626983,BD49B35A-8999-4987-9759-8D3F28D1292B,732.5,490.0,0.5
2015-06-03 13:11:07.726216,BD49B35A-8999-4987-9759-8D3F28D1292B,731.5,490.0,1.0
2015-06-03 13:11:07.741734,BD49B35A-8999-4987-9759-8D3F28D1292B,728.0,486.5,4.949747562408447
2015-06-03 13:11:07.761199,BD49B35A-8999-4987-9759-8D3F28D1292B,721.5,480.0,9.192388534545898
2015-06-03 13:11:07.776841,BD49B35A-8999-4987-9759-8D3F28D1292B,715.0,473.0,9.552486419677734
2015-06-03 13:11:07.793109,BD49B35A-8999-4987-9759-8D3F28D1292B,707.0,464.0,12.04159450531006
2015-06-03 13:11:07.810364,BD49B35A-8999-4987-9759-8D3F28D1292B,697.0,453.5,14.5
2015-06-03 13:11:07.826376,BD49B35A-8999-4987-9759-8D3F28D1292B,690.0,445.0,11.011357307434082
2015-06-03 13:11:07.843575,BD49B35A-8999-4987-9759-8D3F28D1292B,682.0,436.5,11.67261791229248
2015-06-03 13:11:07.859714,BD49B35A-8999-4987-9759-8D3F28D1292B,674.5,428.5,10.965856552124023
2015-06-03 13:11:07.875069,BD49B35A-8999-4987-9759-8D3F28D1292B,667.5,421.0,10.25914192199707
2015-06-03 13:11:07.894098,BD49B35A-8999-4987-9759-8D3F28D1292B,660.5,414.0,9.899495124816896
2015-06-03 13:11:07.910272,BD49B35A-8999-4987-9759-8D3F28D1292B,655.5,408.5,7.433034420013428
2015-06-03 13:11:07.926876,BD49B35A-8999-4987-9759-8D3F28D1292B,649.5,403.5,7.810249805450439
2015-06-03 13:11:07.943505,BD49B35A-8999-4987-9759-8D3F28D1292B,644.5,398.5,7.071067810058594
2015-06-03 13:11:07.960482,BD49B35A-8999-4987-9759-8D3F28D1292B,639.0,391.5,8.902246475219727
2015-06-03 13:11:07.976935,BD49B35A-8999-4987-9759-8D3F28D1292B,633.5,384.0,9.300538063049316
2015-06-03 13:11:08.531209,BD49B35A-8999-4987-9759-8D3F28D1292B,607.0,395.0,0.0
2015-06-03 13:11:08.540031,BD49B35A-8999-4987-9759-8D3F28D1292B,608.5,399.5,4.7434163093566895
2015-06-03 13:11:08.541872,BD49B35A-8999-4987-9759-8D3F28D1292B,608.5,400.0,0.5
2015-06-03 13:11:08.543404,BD49B35A-8999-4987-9759-8D3F28D1292B,608.5,401.0,1.0
2015-06-03 13:11:08.544578,BD49B35A-8999-4987-9759-8D3F28D1292B,609.5,402.0,1.4142135381698608
2015-06-03 13:11:08.545769,BD49B35A-8999-4987-9759-8D3F28D1292B,610.5,403.5,1.8027756214141848
2015-06-03 13:11:08.575107,BD49B35A-8999-4987-9759-8D3F28D1292B,656.0,463.0,0.0
2015-06-03 13:11:08.824302,BD49B35A-8999-4987-9759-8D3F28D1292B,700.0,488.0,0.0
2015-06-03 13:11:09.024627,BD49B35A-8999-4987-9759-8D3F28D1292B,735.5,516.0,0.0
2015-06-03 13:11:09.226008,BD49B35A-8999-4987-9759-8D3F28D1292B,782.0,580.5,0.0
2015-06-03 13:11:09.426623,BD49B35A-8999-4987-9759-8D3F28D1292B,841.5,622.0,0.0
2015-06-03 13:11:09.627397,BD49B35A-8999-4987-9759-8D3F28D1292B,922.0,709.0,0.0
2015-06-03 13:11:10.070632,BD49B35A-8999-4987-9759-8D3F28D1292B,797.5,577.0,0.0
2015-06-03 13:11:10.142084,BD49B35A-8999-4987-9759-8D3F28D1292B,784.5,568.5,15.532224655151367
2015-06-03 13:11:10.294967,BD49B35A-8999-4987-9759-8D3F28D1292B,727.0,512.5,0.0
2015-06-03 13:11:10.322898,BD49B35A-8999-4987-9759-8D3F28D1292B,723.0,508.0,6.020797252655028
2015-06-03 13:11:10.346273,BD49B35A-8999-4987-9759-8D3F28D1292B,717.5,498.5,10.977249145507812
2015-06-03 13:11:10.496501,BD49B35A-8999-4987-9759-8D3F28D1292B,592.0,406.0,0.0
2015-06-03 13:11:10.508693,BD49B35A-8999-4987-9759-8D3F28D1292B,584.0,403.5,8.381526947021483
2015-06-03 13:11:10.527224,BD49B35A-8999-4987-9759-8D3F28D1292B,575.5,401.5,8.732124328613281
2015-06-03 13:11:10.545505,BD49B35A-8999-4987-9759-8D3F28D1292B,559.0,392.5,18.794946670532227
2015-06-03 13:11:10.698806,BD49B35A-8999-4987-9759-8D3F28D1292B,481.0,386.0,0.0
2015-06-03 13:11:10.758642,BD49B35A-8999-4987-9759-8D3F28D1292B,480.0,391.5,5.590169906616211
2015-06-03 13:11:10.774904,BD49B35A-8999-4987-9759-8D3F28D1292B,483.5,395.5,5.315073013305664
2015-06-03 13:11:10.789705,BD49B35A-8999-4987-9759-8D3F28D1292B,491.0,401.0,9.300538063049316
2015-06-03 13:11:10.812302,BD49B35A-8999-4987-9759-8D3F28D1292B,499.0,407.5,10.307764053344727
2015-06-03 13:11:10.828889,BD49B35A-8999-4987-9759-8D3F28D1292B,508.5,413.0,10.977249145507812
2015-06-03 13:11:10.845905,BD49B35A-8999-4987-9759-8D3F28D1292B,519.5,419.5,12.776932716369627
2015-06-03 13:11:10.860631,BD49B35A-8999-4987-9759-8D3F28D1292B,532.0,427.0,14.577380180358887
2015-06-03 13:11:10.878991,BD49B35A-8999-4987-9759-8D3F28D1292B,545.0,435.0,15.264337539672852
2015-06-03 13:11:10.897064,BD49B35A-8999-4987-9759-8D3F28D1292B,557.5,443.0,14.840822219848633
2015-06-03 13:11:10.913809,BD49B35A-8999-4987-9759-8D3F28D1292B,571.0,453.0,16.800296783447266
2015-06-03 13:11:10.931500,BD49B35A-8999-4987-9759-8D3F28D1292B,585.5,464.0,18.200275421142575
2015-06-03 13:11:10.945373,BD49B35A-8999-4987-9759-8D3F28D1292B,602.5,478.0,22.022714614868164
2015-06-03 13:11:10.962340,BD49B35A-8999-4987-9759-8D3F28D1292B,619.5,490.5,21.100948333740234
2015-06-03 13:11:10.977112,BD49B35A-8999-4987-9759-8D3F28D1292B,636.0,504.0,21.319005966186523
2015-06-03 13:11:10.995595,BD49B35A-8999-4987-9759-8D3F28D1292B,652.5,517.5,21.319005966186523
2015-06-03 13:11:11.013384,BD49B35A-8999-4987-9759-8D3F28D1292B,669.0,532.0,21.965883255004886
2015-06-03 13:11:11.025809,BD49B35A-8999-4987-9759-8D3F28D1292B,685.0,545.5,20.93442153930664
2015-06-03 13:11:11.044494,BD49B35A-8999-4987-9759-8D3F28D1292B,701.5,559.0,21.319005966186523
2015-06-03 13:11:11.064901,BD49B35A-8999-4987-9759-8D3F28D1292B,717.5,571.0,20.0
2015-06-03 13:11:11.076075,BD49B35A-8999-4987-9759-8D3F28D1292B,733.5,583.0,20.0
2015-06-03 13:11:11.094007,BD49B35A-8999-4987-9759-8D3F28D1292B,747.5,592.5,16.91892433166504
2015-06-03 13:11:11.113495,BD49B35A-8999-4987-9759-8D3F28D1292B,762.5,602.5,18.027755737304688
2015-06-03 13:11:11.124902,BD49B35A-8999-4987-9759-8D3F28D1292B,777.0,612.0,17.334936141967773
2015-06-03 13:11:11.143091,BD49B35A-8999-4987-9759-8D3F28D1292B,791.0,620.0,16.124515533447266
2015-06-03 13:11:11.165100,BD49B35A-8999-4987-9759-8D3F28D1292B,804.0,627.5,15.008331298828125
2015-06-03 13:11:11.178407,BD49B35A-8999-4987-9759-8D3F28D1292B,816.0,635.0,14.150971412658693
2015-06-03 13:11:11.192351,BD49B35A-8999-4987-9759-8D3F28D1292B,825.5,640.5,10.977249145507812
2015-06-03 13:11:11.208996,BD49B35A-8999-4987-9759-8D3F28D1292B,834.5,645.5,10.29563045501709
2015-06-03 13:11:11.228227,BD49B35A-8999-4987-9759-8D3F28D1292B,841.0,649.0,7.382411479949951
2015-06-03 13:11:11.244931,BD49B35A-8999-4987-9759-8D3F28D1292B,848.0,652.0,7.6157732009887695
2015-06-03 13:11:11.262655,BD49B35A-8999-4987-9759-8D3F28D1292B,852.5,655.0,5.408327102661133
2015-06-03 13:11:11.277045,BD49B35A-8999-4987-9759-8D3F28D1292B,857.0,657.0,4.924428939819336
2015-06-03 13:11:11.293510,BD49B35A-8999-4987-9759-8D3F28D1292B,860.0,658.0,3.1622776985168457
2015-06-03 13:11:11.309592,BD49B35A-8999-4987-9759-8D3F28D1292B,862.5,659.0,2.692582368850708
2015-06-03 13:11:11.325717,BD49B35A-8999-4987-9759-8D3F28D1292B,862.5,659.5,0.5
2015-06-03 13:11:11.604524,BD49B35A-8999-4987-9759-8D3F28D1292B,695.0,483.5,0.0
2015-06-03 13:11:11.607366,BD49B35A-8999-4987-9759-8D3F28D1292B,685.0,478.0,11.412712097167967
2015-06-03 13:11:11.625397,BD49B35A-8999-4987-9759-8D3F28D1292B,673.5,469.5,14.300349235534668
2015-06-03 13:11:11.642935,BD49B35A-8999-4987-9759-8D3F28D1292B,661.5,461.5,14.422204971313475
2015-06-03 13:11:11.658824,BD49B35A-8999-4987-9759-8D3F28D1292B,653.0,454.0,11.33578395843506
2015-06-03 13:11:11.675726,BD49B35A-8999-4987-9759-8D3F28D1292B,644.5,447.0,11.011357307434082
2015-06-03 13:11:11.692037,BD49B35A-8999-4987-9759-8D3F28D1292B,638.5,442.0,7.810249805450439
2015-06-03 13:11:11.708701,BD49B35A-8999-4987-9759-8D3F28D1292B,634.0,437.5,6.363961219787598
2015-06-03 13:11:11.724265,BD49B35A-8999-4987-9759-8D3F28D1292B,631.5,435.0,3.535533905029297
2015-06-03 13:11:11.741639,BD49B35A-8999-4987-9759-8D3F28D1292B,629.5,433.5,2.5
2015-06-03 13:11:11.758707,BD49B35A-8999-4987-9759-8D3F28D1292B,629.0,433.5,0.5
2015-06-03 13:11:11.791109,BD49B35A-8999-4987-9759-8D3F28D1292B,629.0,436.0,2.5
2015-06-03 13:11:11.808411,BD49B35A-8999-4987-9759-8D3F28D1292B,632.5,442.5,7.382411479949951
2015-06-03 13:11:11.825239,BD49B35A-8999-4987-9759-8D3F28D1292B,638.5,451.0,10.404326438903807
2015-06-03 13:11:11.841765,BD49B35A-8999-4987-9759-8D3F28D1292B,645.0,459.0,10.307764053344727
2015-06-03 13:11:11.858775,BD49B35A-8999-4987-9759-8D3F28D1292B,651.5,466.5,9.92471694946289
2015-06-03 13:11:11.875179,BD49B35A-8999-4987-9759-8D3F28D1292B,659.5,476.0,12.419742584228516
2015-06-03 13:11:11.891592,BD49B35A-8999-4987-9759-8D3F28D1292B,670.0,487.0,15.20690631866455
2015-06-03 13:11:11.907811,BD49B35A-8999-4987-9759-8D3F28D1292B,681.5,500.0,17.35655403137207
2015-06-03 13:11:11.923971,BD49B35A-8999-4987-9759-8D3F28D1292B,699.0,516.0,23.711811065673828
2015-06-03 13:11:11.941038,BD49B35A-8999-4987-9759-8D3F28D1292B,718.0,531.5,24.52039909362793
2015-06-03 13:11:11.958025,BD49B35A-8999-4987-9759-8D3F28D1292B,738.0,546.0,24.70323944091797
2015-06-03 13:11:11.975024,BD49B35A-8999-4987-9759-8D3F28D1292B,758.5,560.0,24.824382781982425
2015-06-03 13:11:11.991259,BD49B35A-8999-4987-9759-8D3F28D1292B,779.5,573.0,24.698177337646484
2015-06-03 13:11:12.007665,BD49B35A-8999-4987-9759-8D3F28D1292B,798.5,583.0,21.470911026000977
2015-06-03 13:11:12.024114,BD49B35A-8999-4987-9759-8D3F28D1292B,814.5,588.5,16.91892433166504
2015-06-03 13:11:12.040768,BD49B35A-8999-4987-9759-8D3F28D1292B,831.5,591.5,17.262676239013672
2015-06-03 13:11:12.522889,BD49B35A-8999-4987-9759-8D3F28D1292B,886.0,234.5,0.0
2015-06-03 13:11:12.525205,BD49B35A-8999-4987-9759-8D3F28D1292B,872.5,226.0,15.95305633544922
2015-06-03 13:11:12.724061,BD49B35A-8999-4987-9759-8D3F28D1292B,717.0,291.5,0.0
2015-06-03 13:11:12.822916,BD49B35A-8999-4987-9759-8D3F28D1292B,722.5,282.5,10.547511100769043
2015-06-03 13:11:12.945938,BD49B35A-8999-4987-9759-8D3F28D1292B,894.0,175.0,0.0
2015-06-03 13:11:13.126546,BD49B35A-8999-4987-9759-8D3F28D1292B,731.5,230.0,0.0
2015-06-03 13:11:13.294900,BD49B35A-8999-4987-9759-8D3F28D1292B,749.0,243.0,0.0
2015-06-03 13:11:13.493645,BD49B35A-8999-4987-9759-8D3F28D1292B,901.0,155.0,0.0
2015-06-03 13:11:13.658557,BD49B35A-8999-4987-9759-8D3F28D1292B,791.5,195.0,0.0
2015-06-03 13:11:13.825006,BD49B35A-8999-4987-9759-8D3F28D1292B,772.5,204.0,0.0
2015-06-03 13:11:14.042790,BD49B35A-8999-4987-9759-8D3F28D1292B,663.0,295.5,0.0
2015-06-03 13:11:14.056639,BD49B35A-8999-4987-9759-8D3F28D1292B,659.0,298.5,5.0
2015-06-03 13:11:14.072725,BD49B35A-8999-4987-9759-8D3F28D1292B,656.0,303.0,5.408327102661133
2015-06-03 13:11:14.092099,BD49B35A-8999-4987-9759-8D3F28D1292B,651.0,308.5,7.433034420013428
2015-06-03 13:11:14.229123,BD49B35A-8999-4987-9759-8D3F28D1292B,593.0,357.5,0.0
2015-06-03 13:11:14.444927,BD49B35A-8999-4987-9759-8D3F28D1292B,905.0,131.5,0.0
2015-06-03 13:11:14.982584,BD49B35A-8999-4987-9759-8D3F28D1292B,660.5,288.0,0.0
2015-06-03 13:11:14.985021,BD49B35A-8999-4987-9759-8D3F28D1292B,657.0,287.5,3.535533905029297
2015-06-03 13:11:14.986635,BD49B35A-8999-4987-9759-8D3F28D1292B,655.5,287.5,1.5
2015-06-03 13:11:14.987797,BD49B35A-8999-4987-9759-8D3F28D1292B,654.5,287.5,1.0
2015-06-03 13:11:14.988900,BD49B35A-8999-4987-9759-8D3F28D1292B,653.5,288.0,1.1180340051651
2015-06-03 13:11:14.989917,BD49B35A-8999-4987-9759-8D3F28D1292B,652.5,289.0,1.4142135381698608
2015-06-03 13:11:14.990881,BD49B35A-8999-4987-9759-8D3F28D1292B,649.5,289.0,3.0
2015-06-03 13:11:15.289808,BD49B35A-8999-4987-9759-8D3F28D1292B,916.5,125.0,0.0
2015-06-03 13:11:15.589005,BD49B35A-8999-4987-9759-8D3F28D1292B,777.0,172.5,0.0
2015-06-03 13:11:16.210933,BD49B35A-8999-4987-9759-8D3F28D1292B,684.5,300.5,0.0
2015-06-03 13:11:16.326396,BD49B35A-8999-4987-9759-8D3F28D1292B,584.5,365.0,0.0
2015-06-03 13:11:16.389437,BD49B35A-8999-4987-9759-8D3F28D1292B,585.0,372.5,7.516648292541504
2015-06-03 13:11:16.411815,BD49B35A-8999-4987-9759-8D3F28D1292B,588.0,375.5,4.242640495300293
2015-06-03 13:11:16.427089,BD49B35A-8999-4987-9759-8D3F28D1292B,590.0,379.0,4.031128883361816
2015-06-03 13:11:17.133053,BD49B35A-8999-4987-9759-8D3F28D1292B,511.0,393.0,0.0
2015-06-03 13:11:55.838772,B6CE44A7-A245-41A7-9AE7-557D1EAD3DF4,497.5,354.0,0.0
2015-06-03 13:11:55.865775,B6CE44A7-A245-41A7-9AE7-557D1EAD3DF4,488.5,350.5,9.656603813171387
2015-06-03 13:11:55.867615,B6CE44A7-A245-41A7-9AE7-557D1EAD3DF4,475.0,346.5,14.080127716064453
2015-06-03 13:11:55.868774,B6CE44A7-A245-41A7-9AE7-557D1EAD3DF4,460.0,342.5,15.524174690246582
2015-06-03 13:11:55.869953,B6CE44A7-A245-41A7-9AE7-557D1EAD3DF4,441.0,340.0,19.163768768310547
2015-06-03 13:11:55.871135,B6CE44A7-A245-41A7-9AE7-557D1EAD3DF4,420.0,337.5,21.148286819458008
2015-06-03 13:11:55.872313,B6CE44A7-A245-41A7-9AE7-557D1EAD3DF4,397.5,336.5,22.5222110748291
2015-06-03 13:11:55.873486,B6CE44A7-A245-41A7-9AE7-557D1EAD3DF4,373.5,335.0,24.04682922363281
2015-06-03 13:11:55.874701,B6CE44A7-A245-41A7-9AE7-557D1EAD3DF4,349.5,333.0,24.08318901062012
2015-06-03 13:11:55.875905,B6CE44A7-A245-41A7-9AE7-557D1EAD3DF4,328.0,331.5,21.552261352539066
2015-06-03 13:11:55.876877,B6CE44A7-A245-41A7-9AE7-557D1EAD3DF4,308.5,329.5,19.602294921875
2015-06-03 13:11:55.877776,B6CE44A7-A245-41A7-9AE7-557D1EAD3DF4,291.0,328.0,17.56416893005371
2015-06-03 13:11:55.878719,B6CE44A7-A245-41A7-9AE7-557D1EAD3DF4,277.0,326.0,14.142135620117188
2015-06-03 13:11:55.879578,B6CE44A7-A245-41A7-9AE7-557D1EAD3DF4,263.0,324.0,14.142135620117188
2015-06-03 13:11:55.880452,B6CE44A7-A245-41A7-9AE7-557D1EAD3DF4,250.5,323.0,12.539936065673828
2015-06-03 13:11:55.881359,B6CE44A7-A245-41A7-9AE7-557D1EAD3DF4,239.0,321.0,11.67261791229248
2015-06-03 13:11:55.882410,B6CE44A7-A245-41A7-9AE7-557D1EAD3DF4,227.5,319.5,11.597413063049315
2015-06-03 13:11:55.893261,B6CE44A7-A245-41A7-9AE7-557D1EAD3DF4,216.0,318.0,11.597413063049315
2015-06-03 13:11:55.911337,B6CE44A7-A245-41A7-9AE7-557D1EAD3DF4,204.5,317.0,11.54339599609375
2015-06-03 13:11:55.926466,B6CE44A7-A245-41A7-9AE7-557D1EAD3DF4,195.0,316.0,9.552486419677734
2015-06-03 13:11:55.943505,B6CE44A7-A245-41A7-9AE7-557D1EAD3DF4,185.5,315.5,9.51314926147461
2015-06-03 13:11:55.960080,B6CE44A7-A245-41A7-9AE7-557D1EAD3DF4,179.5,315.0,6.020797252655028
2015-06-03 13:11:55.977077,B6CE44A7-A245-41A7-9AE7-557D1EAD3DF4,175.5,315.0,4.0
2015-06-03 13:11:55.993344,B6CE44A7-A245-41A7-9AE7-557D1EAD3DF4,173.5,315.0,2.0
2015-06-03 13:11:56.009548,B6CE44A7-A245-41A7-9AE7-557D1EAD3DF4,172.5,315.0,1.0
2015-06-03 13:11:56.059725,B6CE44A7-A245-41A7-9AE7-557D1EAD3DF4,178.0,315.0,5.5
2015-06-03 13:11:56.078082,B6CE44A7-A245-41A7-9AE7-557D1EAD3DF4,186.5,315.0,8.5
2015-06-03 13:11:56.093181,B6CE44A7-A245-41A7-9AE7-557D1EAD3DF4,199.0,315.0,12.5
2015-06-03 13:11:56.117676,B6CE44A7-A245-41A7-9AE7-557D1EAD3DF4,211.0,315.0,12.0
2015-06-03 13:11:56.126184,B6CE44A7-A245-41A7-9AE7-557D1EAD3DF4,223.5,315.0,12.5
2015-06-03 13:11:56.143238,B6CE44A7-A245-41A7-9AE7-557D1EAD3DF4,234.0,315.5,10.511898040771484
2015-06-03 13:11:56.159920,B6CE44A7-A245-41A7-9AE7-557D1EAD3DF4,247.5,316.0,13.509256362915039
2015-06-03 13:11:56.176054,B6CE44A7-A245-41A7-9AE7-557D1EAD3DF4,261.0,316.0,13.5
2015-06-03 13:11:56.193116,B6CE44A7-A245-41A7-9AE7-557D1EAD3DF4,279.0,316.5,18.006942749023438
2015-06-03 13:11:56.350325,B6CE44A7-A245-41A7-9AE7-557D1EAD3DF4,274.5,296.5,0.0
2015-06-03 13:11:56.352053,B6CE44A7-A245-41A7-9AE7-557D1EAD3DF4,276.0,291.0,5.700877189636231
2015-06-03 13:11:56.360180,B6CE44A7-A245-41A7-9AE7-557D1EAD3DF4,276.0,289.0,2.0
2015-06-03 13:11:56.375324,B6CE44A7-A245-41A7-9AE7-557D1EAD3DF4,276.5,287.5,1.5811388492584229
2015-06-03 13:11:56.395254,B6CE44A7-A245-41A7-9AE7-557D1EAD3DF4,276.5,286.5,1.0
2015-06-03 13:11:56.412376,B6CE44A7-A245-41A7-9AE7-557D1EAD3DF4,276.5,285.0,1.5
2015-06-03 13:11:56.431086,B6CE44A7-A245-41A7-9AE7-557D1EAD3DF4,276.5,282.0,3.0
2015-06-03 13:11:56.444454,B6CE44A7-A245-41A7-9AE7-557D1EAD3DF4,276.5,279.5,2.5
2015-06-03 13:11:56.459977,B6CE44A7-A245-41A7-9AE7-557D1EAD3DF4,276.5,274.5,5.0
2015-06-03 13:11:56.478647,B6CE44A7-A245-41A7-9AE7-557D1EAD3DF4,275.0,269.5,5.220153331756592
2015-06-03 13:11:56.494304,B6CE44A7-A245-41A7-9AE7-557D1EAD3DF4,272.5,264.5,5.590169906616211
2015-06-03 13:11:56.511957,B6CE44A7-A245-41A7-9AE7-557D1EAD3DF4,271.0,261.0,3.8078866004943848
2015-06-03 13:11:56.526474,B6CE44A7-A245-41A7-9AE7-557D1EAD3DF4,269.5,258.5,2.9154758453369136
2015-06-03 13:11:56.544886,B6CE44A7-A245-41A7-9AE7-557D1EAD3DF4,268.5,257.0,1.8027756214141848
2015-06-03 13:11:56.560876,B6CE44A7-A245-41A7-9AE7-557D1EAD3DF4,268.0,256.0,1.1180340051651
2015-06-03 13:11:56.578681,B6CE44A7-A245-41A7-9AE7-557D1EAD3DF4,267.5,256.0,0.5
2015-06-03 13:11:56.593342,B6CE44A7-A245-41A7-9AE7-557D1EAD3DF4,267.0,256.0,0.5
2015-06-03 13:11:57.070022,B6CE44A7-A245-41A7-9AE7-557D1EAD3DF4,266.0,255.5,1.1180340051651
2015-06-03 13:11:57.111407,B6CE44A7-A245-41A7-9AE7-557D1EAD3DF4,130.0,236.0,0.0
2015-06-03 13:11:57.112909,B6CE44A7-A245-41A7-9AE7-557D1EAD3DF4,132.5,231.0,5.590169906616211
2015-06-03 13:11:57.114293,B6CE44A7-A245-41A7-9AE7-557D1EAD3DF4,133.0,229.5,1.5811388492584229
2015-06-03 13:11:57.115607,B6CE44A7-A245-41A7-9AE7-557D1EAD3DF4,134.0,229.5,1.0
2015-06-03 13:11:57.116743,B6CE44A7-A245-41A7-9AE7-557D1EAD3DF4,135.0,229.5,1.0
2015-06-03 13:11:57.117896,B6CE44A7-A245-41A7-9AE7-557D1EAD3DF4,135.5,229.5,0.5
2015-06-03 13:11:57.119008,B6CE44A7-A245-41A7-9AE7-557D1EAD3DF4,136.5,229.5,1.0
2015-06-03 13:11:57.120149,B6CE44A7-A245-41A7-9AE7-557D1EAD3DF4,138.0,229.5,1.5
2015-06-03 13:11:57.121338,B6CE44A7-A245-41A7-9AE7-557D1EAD3DF4,139.0,230.5,1.4142135381698608
2015-06-03 13:11:57.122517,B6CE44A7-A245-41A7-9AE7-557D1EAD3DF4,140.0,231.0,1.1180340051651
2015-06-03 13:11:57.129705,B6CE44A7-A245-41A7-9AE7-557D1EAD3DF4,141.0,231.5,1.1180340051651
2015-06-03 13:11:57.145663,B6CE44A7-A245-41A7-9AE7-557D1EAD3DF4,142.0,232.0,1.1180340051651
2015-06-03 13:11:57.161601,B6CE44A7-A245-41A7-9AE7-557D1EAD3DF4,142.5,232.5,0.7071067690849304
2015-06-03 13:11:57.179310,B6CE44A7-A245-41A7-9AE7-557D1EAD3DF4,143.0,233.0,0.7071067690849304
2015-06-03 13:11:58.298807,B6CE44A7-A245-41A7-9AE7-557D1EAD3DF4,846.5,381.5,0.0
2015-06-03 13:11:58.374039,B6CE44A7-A245-41A7-9AE7-557D1EAD3DF4,852.5,371.0,12.09338665008545
2015-06-03 13:11:58.375883,B6CE44A7-A245-41A7-9AE7-557D1EAD3DF4,857.5,361.5,10.735455513000488
2015-06-03 13:11:58.377482,B6CE44A7-A245-41A7-9AE7-557D1EAD3DF4,860.0,356.0,6.041522979736327
2015-06-03 13:11:58.378994,B6CE44A7-A245-41A7-9AE7-557D1EAD3DF4,861.5,353.5,2.9154758453369136
2015-06-03 13:11:58.380198,B6CE44A7-A245-41A7-9AE7-557D1EAD3DF4,862.0,352.5,1.1180340051651
2015-06-03 13:11:58.381277,B6CE44A7-A245-41A7-9AE7-557D1EAD3DF4,862.5,352.5,0.5
2015-06-03 13:11:58.382389,B6CE44A7-A245-41A7-9AE7-557D1EAD3DF4,862.5,353.0,0.5
2015-06-03 13:11:58.396274,B6CE44A7-A245-41A7-9AE7-557D1EAD3DF4,862.5,353.5,0.5
2015-06-03 13:11:58.410082,B6CE44A7-A245-41A7-9AE7-557D1EAD3DF4,862.5,354.5,1.0
2015-06-03 13:11:58.428874,B6CE44A7-A245-41A7-9AE7-557D1EAD3DF4,861.5,355.5,1.4142135381698608
2015-06-03 13:11:58.444945,B6CE44A7-A245-41A7-9AE7-557D1EAD3DF4,860.0,356.0,1.5811388492584229
2015-06-03 13:11:58.460478,B6CE44A7-A245-41A7-9AE7-557D1EAD3DF4,860.0,357.0,1.0
2015-06-03 13:11:59.527773,B6CE44A7-A245-41A7-9AE7-557D1EAD3DF4,933.5,199.0,0.0
2015-06-03 13:11:59.575792,B6CE44A7-A245-41A7-9AE7-557D1EAD3DF4,929.5,202.0,5.0
2015-06-03 13:11:59.594202,B6CE44A7-A245-41A7-9AE7-557D1EAD3DF4,929.0,202.5,0.7071067690849304
2015-06-03 13:11:59.609655,B6CE44A7-A245-41A7-9AE7-557D1EAD3DF4,928.5,203.0,0.7071067690849304
2015-06-03 13:11:59.625558,B6CE44A7-A245-41A7-9AE7-557D1EAD3DF4,928.0,204.0,1.1180340051651
2015-06-03 13:11:59.658848,B6CE44A7-A245-41A7-9AE7-557D1EAD3DF4,927.5,204.5,0.7071067690849304
2015-06-03 13:11:59.677764,B6CE44A7-A245-41A7-9AE7-557D1EAD3DF4,927.0,204.5,0.5
2015-06-03 13:11:59.710157,B6CE44A7-A245-41A7-9AE7-557D1EAD3DF4,926.5,204.5,0.5
2015-06-03 13:11:59.742850,B6CE44A7-A245-41A7-9AE7-557D1EAD3DF4,928.0,204.5,1.5
2015-06-03 13:11:59.954668,B6CE44A7-A245-41A7-9AE7-557D1EAD3DF4,990.5,138.5,0.0
2015-06-03 13:11:59.956598,B6CE44A7-A245-41A7-9AE7-557D1EAD3DF4,993.5,133.0,6.264982223510742
2015-06-03 13:11:59.961444,B6CE44A7-A245-41A7-9AE7-557D1EAD3DF4,995.0,128.5,4.7434163093566895
2015-06-03 13:11:59.980262,B6CE44A7-A245-41A7-9AE7-557D1EAD3DF4,996.0,127.0,1.8027756214141848
2015-06-03 13:11:59.995925,B6CE44A7-A245-41A7-9AE7-557D1EAD3DF4,996.5,126.5,0.7071067690849304
2015-06-03 13:12:00.043600,B6CE44A7-A245-41A7-9AE7-557D1EAD3DF4,996.5,127.5,1.0
2015-06-03 13:12:00.061685,B6CE44A7-A245-41A7-9AE7-557D1EAD3DF4,996.5,130.5,3.0
2015-06-03 13:12:00.754240,BD49B35A-8999-4987-9759-8D3F28D1292B,314.5,285.5,0.0
2015-06-03 13:12:00.950907,BD49B35A-8999-4987-9759-8D3F28D1292B,309.0,281.5,6.8007354736328125
2015-06-03 13:12:01.105777,BD49B35A-8999-4987-9759-8D3F28D1292B,203.5,226.0,0.0
2015-06-03 13:12:01.167674,BD49B35A-8999-4987-9759-8D3F28D1292B,201.0,234.0,8.381526947021483
2015-06-03 13:12:01.182875,BD49B35A-8999-4987-9759-8D3F28D1292B,201.0,235.0,1.0
2015-06-03 13:12:01.198741,BD49B35A-8999-4987-9759-8D3F28D1292B,201.0,235.5,0.5
2015-06-03 13:12:01.284378,BD49B35A-8999-4987-9759-8D3F28D1292B,201.5,235.5,0.5
2015-06-03 13:12:01.299358,BD49B35A-8999-4987-9759-8D3F28D1292B,201.5,235.0,0.5
2015-06-03 13:12:01.467104,BD49B35A-8999-4987-9759-8D3F28D1292B,201.5,233.0,2.0
2015-06-03 13:12:01.484947,BD49B35A-8999-4987-9759-8D3F28D1292B,202.0,229.0,4.031128883361816
2015-06-03 13:12:01.501367,BD49B35A-8999-4987-9759-8D3F28D1292B,202.0,223.0,6.0
2015-06-03 13:12:01.519678,BD49B35A-8999-4987-9759-8D3F28D1292B,193.0,208.5,17.066047668457028
2015-06-03 13:12:01.622907,BD49B35A-8999-4987-9759-8D3F28D1292B,105.5,144.5,0.0
2015-06-03 13:12:01.633797,BD49B35A-8999-4987-9759-8D3F28D1292B,100.5,150.5,7.810249805450439
2015-06-03 13:12:01.655309,BD49B35A-8999-4987-9759-8D3F28D1292B,100.0,154.5,4.031128883361816
2015-06-03 13:12:01.675423,BD49B35A-8999-4987-9759-8D3F28D1292B,99.5,157.5,3.041381359100342
2015-06-03 13:12:01.686106,BD49B35A-8999-4987-9759-8D3F28D1292B,99.0,158.5,1.1180340051651
2015-06-03 13:12:01.707874,BD49B35A-8999-4987-9759-8D3F28D1292B,99.0,159.5,1.0
2015-06-03 13:12:01.723551,BD49B35A-8999-4987-9759-8D3F28D1292B,99.0,160.0,0.5
2015-06-03 13:12:01.821807,BD49B35A-8999-4987-9759-8D3F28D1292B,99.0,159.5,0.5
2015-06-03 13:12:01.836839,BD49B35A-8999-4987-9759-8D3F28D1292B,100.0,158.5,1.4142135381698608
2015-06-03 13:12:01.856478,BD49B35A-8999-4987-9759-8D3F28D1292B,100.5,158.0,0.7071067690849304
2015-06-03 13:12:01.889364,BD49B35A-8999-4987-9759-8D3F28D1292B,101.0,158.0,0.5
2015-06-03 13:12:01.937550,BD49B35A-8999-4987-9759-8D3F28D1292B,101.0,157.0,1.0
2015-06-03 13:12:02.290679,BD49B35A-8999-4987-9759-8D3F28D1292B,101.5,153.5,3.535533905029297
2015-06-03 13:12:02.294310,BD49B35A-8999-4987-9759-8D3F28D1292B,101.5,152.5,1.0
2015-06-03 13:12:02.295986,BD49B35A-8999-4987-9759-8D3F28D1292B,106.0,161.0,9.61769199371338
2015-06-03 13:12:02.297640,BD49B35A-8999-4987-9759-8D3F28D1292B,131.5,199.5,0.0
2015-06-03 13:12:02.298807,BD49B35A-8999-4987-9759-8D3F28D1292B,132.0,206.0,6.51920223236084
2015-06-03 13:12:02.305262,BD49B35A-8999-4987-9759-8D3F28D1292B,132.0,210.0,4.0
2015-06-03 13:12:02.324362,BD49B35A-8999-4987-9759-8D3F28D1292B,132.0,213.5,3.5
2015-06-03 13:12:02.337052,BD49B35A-8999-4987-9759-8D3F28D1292B,132.0,215.5,2.0
2015-06-03 13:12:02.355370,BD49B35A-8999-4987-9759-8D3F28D1292B,132.0,216.0,0.5
2015-06-03 13:12:02.370746,BD49B35A-8999-4987-9759-8D3F28D1292B,132.0,216.5,0.5
2015-06-03 13:12:02.389888,BD49B35A-8999-4987-9759-8D3F28D1292B,132.0,217.0,0.5
2015-06-03 13:12:02.423828,BD49B35A-8999-4987-9759-8D3F28D1292B,133.0,217.0,1.0
2015-06-03 13:12:02.438993,BD49B35A-8999-4987-9759-8D3F28D1292B,135.5,217.0,2.5
2015-06-03 13:12:02.457629,BD49B35A-8999-4987-9759-8D3F28D1292B,145.0,220.0,9.96242904663086
2015-06-03 13:12:02.625573,BD49B35A-8999-4987-9759-8D3F28D1292B,267.0,293.0,0.0
2015-06-03 13:12:02.634783,BD49B35A-8999-4987-9759-8D3F28D1292B,270.5,300.0,7.82623815536499
2015-06-03 13:12:02.651114,BD49B35A-8999-4987-9759-8D3F28D1292B,271.5,301.0,1.4142135381698608
2015-06-03 13:12:02.667064,BD49B35A-8999-4987-9759-8D3F28D1292B,273.0,301.0,1.5
2015-06-03 13:12:02.680852,BD49B35A-8999-4987-9759-8D3F28D1292B,274.0,301.5,1.1180340051651
2015-06-03 13:12:02.701170,BD49B35A-8999-4987-9759-8D3F28D1292B,274.5,301.5,0.5
2015-06-03 13:12:02.713725,BD49B35A-8999-4987-9759-8D3F28D1292B,275.5,301.5,1.0
2015-06-03 13:12:02.732180,BD49B35A-8999-4987-9759-8D3F28D1292B,276.5,301.5,1.0
2015-06-03 13:12:02.756170,BD49B35A-8999-4987-9759-8D3F28D1292B,278.5,301.5,2.0
2015-06-03 13:12:02.772081,BD49B35A-8999-4987-9759-8D3F28D1292B,283.0,301.5,4.5
2015-06-03 13:12:02.790318,BD49B35A-8999-4987-9759-8D3F28D1292B,301.0,303.0,18.06239128112793
2015-06-03 13:12:02.872232,BD49B35A-8999-4987-9759-8D3F28D1292B,366.5,332.0,0.0
2015-06-03 13:12:03.022749,BD49B35A-8999-4987-9759-8D3F28D1292B,386.0,334.0,19.602294921875
2015-06-03 13:12:03.073875,BD49B35A-8999-4987-9759-8D3F28D1292B,438.0,356.0,0.0
2015-06-03 13:12:03.084575,BD49B35A-8999-4987-9759-8D3F28D1292B,436.5,362.0,6.184658527374268
2015-06-03 13:12:03.101666,BD49B35A-8999-4987-9759-8D3F28D1292B,436.5,365.0,3.0
2015-06-03 13:12:03.121675,BD49B35A-8999-4987-9759-8D3F28D1292B,436.5,368.0,3.0
2015-06-03 13:12:03.139352,BD49B35A-8999-4987-9759-8D3F28D1292B,436.5,369.5,1.5
2015-06-03 13:12:03.156346,BD49B35A-8999-4987-9759-8D3F28D1292B,436.5,370.0,0.5
2015-06-03 13:12:03.172247,BD49B35A-8999-4987-9759-8D3F28D1292B,436.5,370.5,0.5
2015-06-03 13:12:03.238289,BD49B35A-8999-4987-9759-8D3F28D1292B,437.0,370.0,0.7071067690849304
2015-06-03 13:12:03.254963,BD49B35A-8999-4987-9759-8D3F28D1292B,438.5,367.0,3.3541018962860107
2015-06-03 13:12:03.272220,BD49B35A-8999-4987-9759-8D3F28D1292B,443.5,364.5,5.590169906616211
2015-06-03 13:12:03.375471,BD49B35A-8999-4987-9759-8D3F28D1292B,498.5,403.0,0.0
2015-06-03 13:12:03.567770,BD49B35A-8999-4987-9759-8D3F28D1292B,503.0,401.5,4.7434163093566895
2015-06-03 13:12:03.583966,BD49B35A-8999-4987-9759-8D3F28D1292B,504.5,401.0,1.5811388492584229
2015-06-03 13:12:03.605364,BD49B35A-8999-4987-9759-8D3F28D1292B,508.0,401.0,3.5
2015-06-03 13:12:03.620980,BD49B35A-8999-4987-9759-8D3F28D1292B,519.0,404.5,11.54339599609375
2015-06-03 13:12:04.445307,BD49B35A-8999-4987-9759-8D3F28D1292B,959.5,622.5,0.0
2015-06-03 13:12:04.447709,BD49B35A-8999-4987-9759-8D3F28D1292B,964.0,617.0,7.106335163116455
2015-06-03 13:12:04.448854,BD49B35A-8999-4987-9759-8D3F28D1292B,968.0,614.5,4.716990470886231
2015-06-03 13:12:04.450074,BD49B35A-8999-4987-9759-8D3F28D1292B,970.5,612.5,3.2015621662139893
2015-06-03 13:12:04.451174,BD49B35A-8999-4987-9759-8D3F28D1292B,971.5,612.5,1.0
2015-06-03 13:12:04.452311,BD49B35A-8999-4987-9759-8D3F28D1292B,972.5,612.5,1.0
2015-06-03 13:12:04.638010,BD49B35A-8999-4987-9759-8D3F28D1292B,972.5,612.0,0.5
2015-06-03 13:12:04.654526,BD49B35A-8999-4987-9759-8D3F28D1292B,972.5,608.0,4.0
2015-06-03 13:12:04.774531,BD49B35A-8999-4987-9759-8D3F28D1292B,931.5,567.0,0.0
2015-06-03 13:12:05.087228,BD49B35A-8999-4987-9759-8D3F28D1292B,872.0,532.5,0.0
2015-06-03 13:12:05.133844,BD49B35A-8999-4987-9759-8D3F28D1292B,867.5,537.5,6.72681188583374
2015-06-03 13:12:05.151533,BD49B35A-8999-4987-9759-8D3F28D1292B,867.5,538.5,1.0
2015-06-03 13:12:05.164843,BD49B35A-8999-4987-9759-8D3F28D1292B,867.0,538.5,0.5
2015-06-03 13:12:05.199840,BD49B35A-8999-4987-9759-8D3F28D1292B,867.0,537.0,1.5
2015-06-03 13:12:05.222698,BD49B35A-8999-4987-9759-8D3F28D1292B,862.0,530.5,8.200610160827638
2015-06-03 13:12:05.239398,BD49B35A-8999-4987-9759-8D3F28D1292B,851.5,521.0,14.159802436828613
2015-06-03 13:12:05.357570,BD49B35A-8999-4987-9759-8D3F28D1292B,815.5,496.5,0.0
2015-06-03 13:12:05.368812,BD49B35A-8999-4987-9759-8D3F28D1292B,810.0,503.0,8.514693260192871
2015-06-03 13:12:05.389107,BD49B35A-8999-4987-9759-8D3F28D1292B,808.0,507.0,4.4721360206604
2015-06-03 13:12:05.407320,BD49B35A-8999-4987-9759-8D3F28D1292B,807.0,509.0,2.2360680103302
2015-06-03 13:12:05.421007,BD49B35A-8999-4987-9759-8D3F28D1292B,806.5,509.0,0.5
2015-06-03 13:12:05.456006,BD49B35A-8999-4987-9759-8D3F28D1292B,806.5,508.0,1.0
2015-06-03 13:12:05.472430,BD49B35A-8999-4987-9759-8D3F28D1292B,804.0,502.0,6.5
2015-06-03 13:12:05.610319,BD49B35A-8999-4987-9759-8D3F28D1292B,740.0,476.0,0.0
2015-06-03 13:12:05.816146,BD49B35A-8999-4987-9759-8D3F28D1292B,673.5,454.0,0.0
2015-06-03 13:12:05.832813,BD49B35A-8999-4987-9759-8D3F28D1292B,670.5,460.5,7.1589107513427725
2015-06-03 13:12:05.847531,BD49B35A-8999-4987-9759-8D3F28D1292B,670.0,461.5,1.1180340051651
2015-06-03 13:12:05.866616,BD49B35A-8999-4987-9759-8D3F28D1292B,669.0,462.0,1.1180340051651
2015-06-03 13:12:05.883094,BD49B35A-8999-4987-9759-8D3F28D1292B,668.5,462.0,0.5
2015-06-03 13:12:05.915201,BD49B35A-8999-4987-9759-8D3F28D1292B,668.5,460.5,1.5
2015-06-03 13:12:05.931732,BD49B35A-8999-4987-9759-8D3F28D1292B,668.5,455.0,5.5
2015-06-03 13:12:05.954273,BD49B35A-8999-4987-9759-8D3F28D1292B,656.0,440.0,19.525623321533203
2015-06-03 13:12:06.059556,BD49B35A-8999-4987-9759-8D3F28D1292B,598.5,435.0,0.0
2015-06-03 13:12:06.064564,BD49B35A-8999-4987-9759-8D3F28D1292B,596.0,440.5,6.041522979736327
2015-06-03 13:12:06.081931,BD49B35A-8999-4987-9759-8D3F28D1292B,595.5,443.5,3.041381359100342
2015-06-03 13:12:06.100399,BD49B35A-8999-4987-9759-8D3F28D1292B,595.0,444.5,1.1180340051651
2015-06-03 13:12:06.117333,BD49B35A-8999-4987-9759-8D3F28D1292B,594.5,444.5,0.5
2015-06-03 13:12:06.133875,BD49B35A-8999-4987-9759-8D3F28D1292B,594.0,444.5,0.5
2015-06-03 13:12:06.150678,BD49B35A-8999-4987-9759-8D3F28D1292B,594.0,443.0,1.5
2015-06-03 13:12:06.167024,BD49B35A-8999-4987-9759-8D3F28D1292B,594.0,440.0,3.0
2015-06-03 13:12:06.184601,BD49B35A-8999-4987-9759-8D3F28D1292B,594.0,435.0,5.0
2015-06-03 13:12:06.204349,BD49B35A-8999-4987-9759-8D3F28D1292B,587.5,429.0,8.845903396606445
2015-06-03 13:12:06.900770,B6CE44A7-A245-41A7-9AE7-557D1EAD3DF4,846.0,410.0,0.0
2015-06-03 13:12:06.902725,B6CE44A7-A245-41A7-9AE7-557D1EAD3DF4,849.0,412.0,3.6055512428283687
2015-06-03 13:12:06.903931,B6CE44A7-A245-41A7-9AE7-557D1EAD3DF4,849.0,411.0,1.0
2015-06-03 13:12:06.905304,B6CE44A7-A245-41A7-9AE7-557D1EAD3DF4,849.0,410.0,1.0
2015-06-03 13:12:06.906494,B6CE44A7-A245-41A7-9AE7-557D1EAD3DF4,849.0,409.0,1.0
2015-06-03 13:12:06.909061,B6CE44A7-A245-41A7-9AE7-557D1EAD3DF4,849.0,407.5,1.5
2015-06-03 13:12:06.927114,B6CE44A7-A245-41A7-9AE7-557D1EAD3DF4,849.0,405.0,2.5
2015-06-03 13:12:06.943976,B6CE44A7-A245-41A7-9AE7-557D1EAD3DF4,848.5,401.0,4.031128883361816
2015-06-03 13:12:07.136611,B6CE44A7-A245-41A7-9AE7-557D1EAD3DF4,665.0,393.5,0.0
2015-06-03 13:12:07.486209,B6CE44A7-A245-41A7-9AE7-557D1EAD3DF4,412.0,398.5,0.0
2015-06-03 13:12:08.129526,B6CE44A7-A245-41A7-9AE7-557D1EAD3DF4,274.0,440.0,0.0
2015-06-03 13:12:08.173262,B6CE44A7-A245-41A7-9AE7-557D1EAD3DF4,276.5,452.0,12.257650375366213
2015-06-03 13:12:08.175059,B6CE44A7-A245-41A7-9AE7-557D1EAD3DF4,276.5,454.5,2.5
2015-06-03 13:12:08.176272,B6CE44A7-A245-41A7-9AE7-557D1EAD3DF4,277.0,455.0,0.7071067690849304
2015-06-03 13:12:08.177452,B6CE44A7-A245-41A7-9AE7-557D1EAD3DF4,277.0,454.5,0.5
2015-06-03 13:12:08.178540,B6CE44A7-A245-41A7-9AE7-557D1EAD3DF4,275.0,444.5,10.198039054870604
2015-06-03 13:12:09.050669,B6CE44A7-A245-41A7-9AE7-557D1EAD3DF4,386.5,225.5,0.0
2015-06-03 13:12:09.052665,B6CE44A7-A245-41A7-9AE7-557D1EAD3DF4,397.0,223.0,10.793516159057617
2015-06-03 13:12:09.053813,B6CE44A7-A245-41A7-9AE7-557D1EAD3DF4,404.0,222.0,7.071067810058594
2015-06-03 13:12:09.055008,B6CE44A7-A245-41A7-9AE7-557D1EAD3DF4,408.5,221.0,4.609772205352783
2015-06-03 13:12:09.056148,B6CE44A7-A245-41A7-9AE7-557D1EAD3DF4,412.0,221.0,3.5
2015-06-03 13:12:09.057162,B6CE44A7-A245-41A7-9AE7-557D1EAD3DF4,415.0,221.0,3.0
2015-06-03 13:12:09.063881,B6CE44A7-A245-41A7-9AE7-557D1EAD3DF4,417.5,221.0,2.5
2015-06-03 13:12:09.080995,B6CE44A7-A245-41A7-9AE7-557D1EAD3DF4,420.0,221.0,2.5
2015-06-03 13:12:09.507062,B6CE44A7-A245-41A7-9AE7-557D1EAD3DF4,635.0,357.0,0.0
2015-06-03 13:12:09.542465,B6CE44A7-A245-41A7-9AE7-557D1EAD3DF4,631.0,361.0,5.6568541526794425
2015-06-03 13:12:09.544189,B6CE44A7-A245-41A7-9AE7-557D1EAD3DF4,605.5,141.0,0.0
2015-06-03 13:12:09.545277,B6CE44A7-A245-41A7-9AE7-557D1EAD3DF4,631.0,362.0,1.0
2015-06-03 13:12:09.546354,B6CE44A7-A245-41A7-9AE7-557D1EAD3DF4,631.5,361.5,0.7071067690849304
2015-06-03 13:12:09.548001,B6CE44A7-A245-41A7-9AE7-557D1EAD3DF4,635.0,360.0,3.8078866004943848
2015-06-03 13:12:09.549083,B6CE44A7-A245-41A7-9AE7-557D1EAD3DF4,638.5,356.5,4.949747562408447
2015-06-03 13:12:09.550286,B6CE44A7-A245-41A7-9AE7-557D1EAD3DF4,642.5,352.5,5.6568541526794425
2015-06-03 13:12:12.430262,B6CE44A7-A245-41A7-9AE7-557D1EAD3DF4,659.5,395.0,0.0
2015-06-03 13:12:12.435371,B6CE44A7-A245-41A7-9AE7-557D1EAD3DF4,653.5,406.0,12.529964447021484
2015-06-03 13:12:12.436730,B6CE44A7-A245-41A7-9AE7-557D1EAD3DF4,641.0,409.0,12.854960441589355
2015-06-03 13:12:12.751878,B6CE44A7-A245-41A7-9AE7-557D1EAD3DF4,590.5,374.5,0.0
2015-06-03 13:12:12.761950,B6CE44A7-A245-41A7-9AE7-557D1EAD3DF4,584.0,384.5,11.926860809326172
2015-06-03 13:12:12.779273,B6CE44A7-A245-41A7-9AE7-557D1EAD3DF4,578.0,388.5,7.211102485656737
2015-06-03 13:12:14.273467,B6CE44A7-A245-41A7-9AE7-557D1EAD3DF4,380.5,483.5,0.0
2015-06-03 13:12:14.275432,B6CE44A7-A245-41A7-9AE7-557D1EAD3DF4,388.0,486.0,7.905694007873535
2015-06-03 13:12:16.116650,BD49B35A-8999-4987-9759-8D3F28D1292B,246.5,459.5,0.0
2015-06-03 13:12:16.118944,BD49B35A-8999-4987-9759-8D3F28D1292B,242.0,452.5,8.321658134460451
2015-06-03 13:12:16.120340,BD49B35A-8999-4987-9759-8D3F28D1292B,242.0,450.0,2.5
2015-06-03 13:12:16.121466,BD49B35A-8999-4987-9759-8D3F28D1292B,242.5,450.0,0.5
2015-06-03 13:12:16.122592,BD49B35A-8999-4987-9759-8D3F28D1292B,245.0,454.5,5.147815227508545
2015-06-03 13:12:16.123745,BD49B35A-8999-4987-9759-8D3F28D1292B,251.0,462.5,10.0
2015-06-03 13:12:16.423731,BD49B35A-8999-4987-9759-8D3F28D1292B,735.0,454.0,0.0
2015-06-03 13:12:16.430337,BD49B35A-8999-4987-9759-8D3F28D1292B,738.0,456.0,3.6055512428283687
2015-06-03 13:12:16.447101,BD49B35A-8999-4987-9759-8D3F28D1292B,738.0,453.0,3.0
2015-06-03 13:12:16.462650,BD49B35A-8999-4987-9759-8D3F28D1292B,738.5,449.5,3.535533905029297
2015-06-03 13:12:16.479371,BD49B35A-8999-4987-9759-8D3F28D1292B,741.0,444.5,5.590169906616211
2015-06-03 13:12:16.582523,BD49B35A-8999-4987-9759-8D3F28D1292B,874.0,488.0,0.0
2015-06-03 13:12:16.599986,BD49B35A-8999-4987-9759-8D3F28D1292B,873.5,500.0,12.010412216186525
2015-06-03 13:12:16.622483,BD49B35A-8999-4987-9759-8D3F28D1292B,873.5,506.0,6.0
2015-06-03 13:12:16.635324,BD49B35A-8999-4987-9759-8D3F28D1292B,873.5,508.5,2.5
2015-06-03 13:12:16.653026,BD49B35A-8999-4987-9759-8D3F28D1292B,872.5,508.5,1.0
2015-06-03 13:12:16.665434,BD49B35A-8999-4987-9759-8D3F28D1292B,872.0,508.5,0.5
2015-06-03 13:12:16.685841,BD49B35A-8999-4987-9759-8D3F28D1292B,872.0,507.0,1.5
2015-06-03 13:12:16.704103,BD49B35A-8999-4987-9759-8D3F28D1292B,872.0,503.0,4.0
2015-06-03 13:12:16.716326,BD49B35A-8999-4987-9759-8D3F28D1292B,872.0,499.0,4.0
2015-06-03 13:12:16.736816,BD49B35A-8999-4987-9759-8D3F28D1292B,872.0,494.0,5.0
2015-06-03 13:12:17.345490,BD49B35A-8999-4987-9759-8D3F28D1292B,434.0,333.0,0.0
2015-06-03 13:12:17.430789,BD49B35A-8999-4987-9759-8D3F28D1292B,436.0,330.5,3.2015621662139893
2015-06-03 13:12:17.432693,BD49B35A-8999-4987-9759-8D3F28D1292B,436.0,329.0,1.5
2015-06-03 13:12:17.434093,BD49B35A-8999-4987-9759-8D3F28D1292B,436.0,326.0,3.0
2015-06-03 13:12:17.435293,BD49B35A-8999-4987-9759-8D3F28D1292B,436.5,323.5,2.549509763717652
2015-06-03 13:12:17.436601,BD49B35A-8999-4987-9759-8D3F28D1292B,437.0,321.0,2.549509763717652
2015-06-03 13:12:17.438048,BD49B35A-8999-4987-9759-8D3F28D1292B,437.5,320.0,1.1180340051651
2015-06-03 13:12:17.439184,BD49B35A-8999-4987-9759-8D3F28D1292B,438.0,319.5,0.7071067690849304
2015-06-03 13:12:17.440266,BD49B35A-8999-4987-9759-8D3F28D1292B,438.0,319.0,0.5
2015-06-03 13:12:17.441481,BD49B35A-8999-4987-9759-8D3F28D1292B,436.5,320.0,1.8027756214141848
2015-06-03 13:12:17.452306,BD49B35A-8999-4987-9759-8D3F28D1292B,434.5,320.5,2.061552762985229
2015-06-03 13:12:17.471224,BD49B35A-8999-4987-9759-8D3F28D1292B,432.5,321.0,2.061552762985229
2015-06-03 13:12:17.486805,BD49B35A-8999-4987-9759-8D3F28D1292B,431.0,321.0,1.5
2015-06-03 13:12:17.503094,BD49B35A-8999-4987-9759-8D3F28D1292B,429.5,321.0,1.5
2015-06-03 13:12:17.521962,BD49B35A-8999-4987-9759-8D3F28D1292B,428.5,319.5,1.8027756214141848
2015-06-03 13:12:17.534144,BD49B35A-8999-4987-9759-8D3F28D1292B,427.0,316.0,3.8078866004943848
2015-06-03 13:12:17.552981,BD49B35A-8999-4987-9759-8D3F28D1292B,425.0,310.5,5.8523497581481925
2015-06-03 13:12:17.568832,BD49B35A-8999-4987-9759-8D3F28D1292B,424.5,305.0,5.522680282592773
2015-06-03 13:12:17.584772,BD49B35A-8999-4987-9759-8D3F28D1292B,423.5,299.0,6.082762718200684
2015-06-03 13:12:17.603538,BD49B35A-8999-4987-9759-8D3F28D1292B,423.5,294.0,5.0
2015-06-03 13:12:17.616107,BD49B35A-8999-4987-9759-8D3F28D1292B,423.0,286.5,7.516648292541504
2015-06-03 13:12:17.636128,BD49B35A-8999-4987-9759-8D3F28D1292B,423.0,281.0,5.5
2015-06-03 13:12:17.654222,BD49B35A-8999-4987-9759-8D3F28D1292B,423.0,274.5,6.5
2015-06-03 13:12:17.668772,BD49B35A-8999-4987-9759-8D3F28D1292B,423.0,269.0,5.5
2015-06-03 13:12:17.683986,BD49B35A-8999-4987-9759-8D3F28D1292B,423.0,262.5,6.5
2015-06-03 13:12:17.702353,BD49B35A-8999-4987-9759-8D3F28D1292B,423.5,258.0,4.527692794799805
2015-06-03 13:12:17.716631,BD49B35A-8999-4987-9759-8D3F28D1292B,425.5,252.5,5.8523497581481925
2015-06-03 13:12:17.735309,BD49B35A-8999-4987-9759-8D3F28D1292B,427.5,248.5,4.4721360206604
2015-06-03 13:12:17.753839,BD49B35A-8999-4987-9759-8D3F28D1292B,428.5,244.0,4.609772205352783
2015-06-03 13:12:17.767629,BD49B35A-8999-4987-9759-8D3F28D1292B,430.5,240.5,4.031128883361816
2015-06-03 13:12:17.782792,BD49B35A-8999-4987-9759-8D3F28D1292B,432.5,238.0,3.2015621662139893
2015-06-03 13:12:17.800427,BD49B35A-8999-4987-9759-8D3F28D1292B,434.5,235.5,3.2015621662139893
2015-06-03 13:12:17.816984,BD49B35A-8999-4987-9759-8D3F28D1292B,437.0,234.5,2.692582368850708
2015-06-03 13:12:17.832540,BD49B35A-8999-4987-9759-8D3F28D1292B,439.0,233.5,2.2360680103302
2015-06-03 13:12:17.852465,BD49B35A-8999-4987-9759-8D3F28D1292B,441.5,233.0,2.549509763717652
2015-06-03 13:12:17.865533,BD49B35A-8999-4987-9759-8D3F28D1292B,444.5,232.0,3.1622776985168457
2015-06-03 13:12:17.884067,BD49B35A-8999-4987-9759-8D3F28D1292B,447.0,231.0,2.692582368850708
2015-06-03 13:12:17.902059,BD49B35A-8999-4987-9759-8D3F28D1292B,450.0,230.0,3.1622776985168457
2015-06-03 13:12:17.915820,BD49B35A-8999-4987-9759-8D3F28D1292B,452.0,228.5,2.5
2015-06-03 13:12:17.933183,BD49B35A-8999-4987-9759-8D3F28D1292B,454.0,228.0,2.061552762985229
2015-06-03 13:12:17.950555,BD49B35A-8999-4987-9759-8D3F28D1292B,455.5,227.0,1.8027756214141848
2015-06-03 13:12:17.970088,BD49B35A-8999-4987-9759-8D3F28D1292B,457.5,226.0,2.2360680103302
2015-06-03 13:12:17.985959,BD49B35A-8999-4987-9759-8D3F28D1292B,460.0,224.5,2.9154758453369136
2015-06-03 13:12:18.001826,BD49B35A-8999-4987-9759-8D3F28D1292B,461.5,222.5,2.5
2015-06-03 13:12:18.020088,BD49B35A-8999-4987-9759-8D3F28D1292B,462.5,220.0,2.692582368850708
2015-06-03 13:12:18.035636,BD49B35A-8999-4987-9759-8D3F28D1292B,463.5,217.0,3.1622776985168457
2015-06-03 13:12:18.050378,BD49B35A-8999-4987-9759-8D3F28D1292B,464.0,214.0,3.041381359100342
2015-06-03 13:12:18.068313,BD49B35A-8999-4987-9759-8D3F28D1292B,465.0,211.0,3.1622776985168457
2015-06-03 13:12:18.084785,BD49B35A-8999-4987-9759-8D3F28D1292B,466.0,207.5,3.640054941177368
2015-06-03 13:12:18.101282,BD49B35A-8999-4987-9759-8D3F28D1292B,467.0,204.0,3.640054941177368
2015-06-03 13:12:18.119842,BD49B35A-8999-4987-9759-8D3F28D1292B,469.0,200.5,4.031128883361816
2015-06-03 13:12:18.135869,BD49B35A-8999-4987-9759-8D3F28D1292B,471.0,196.0,4.924428939819336
2015-06-03 13:12:18.150385,BD49B35A-8999-4987-9759-8D3F28D1292B,473.5,191.5,5.147815227508545
2015-06-03 13:12:18.165358,BD49B35A-8999-4987-9759-8D3F28D1292B,477.0,187.0,5.700877189636231
2015-06-03 13:12:18.181875,BD49B35A-8999-4987-9759-8D3F28D1292B,480.5,184.0,4.609772205352783
2015-06-03 13:12:18.198760,BD49B35A-8999-4987-9759-8D3F28D1292B,484.5,181.0,5.0
2015-06-03 13:12:18.215677,BD49B35A-8999-4987-9759-8D3F28D1292B,489.0,178.5,5.147815227508545
2015-06-03 13:12:18.232932,BD49B35A-8999-4987-9759-8D3F28D1292B,493.0,176.0,4.716990470886231
2015-06-03 13:12:18.249483,BD49B35A-8999-4987-9759-8D3F28D1292B,497.0,174.0,4.4721360206604
2015-06-03 13:12:18.265722,BD49B35A-8999-4987-9759-8D3F28D1292B,501.0,172.5,4.2720017433166495
2015-06-03 13:12:18.282679,BD49B35A-8999-4987-9759-8D3F28D1292B,506.0,170.0,5.590169906616211
2015-06-03 13:12:18.299977,BD49B35A-8999-4987-9759-8D3F28D1292B,510.0,168.0,4.4721360206604
2015-06-03 13:12:18.315487,BD49B35A-8999-4987-9759-8D3F28D1292B,513.5,167.0,3.640054941177368
2015-06-03 13:12:18.332767,BD49B35A-8999-4987-9759-8D3F28D1292B,517.0,165.5,3.8078866004943848
2015-06-03 13:12:18.349567,BD49B35A-8999-4987-9759-8D3F28D1292B,519.5,164.5,2.692582368850708
2015-06-03 13:12:18.366379,BD49B35A-8999-4987-9759-8D3F28D1292B,524.0,164.0,4.527692794799805
2015-06-03 13:12:18.465245,BD49B35A-8999-4987-9759-8D3F28D1292B,534.0,179.0,0.0
2015-06-03 13:12:18.480825,BD49B35A-8999-4987-9759-8D3F28D1292B,528.0,188.0,10.816654205322266
2015-06-03 13:12:18.498856,BD49B35A-8999-4987-9759-8D3F28D1292B,524.5,191.0,4.609772205352783
2015-06-03 13:12:18.519972,BD49B35A-8999-4987-9759-8D3F28D1292B,522.0,192.0,2.692582368850708
2015-06-03 13:12:18.534567,BD49B35A-8999-4987-9759-8D3F28D1292B,520.5,192.0,1.5
2015-06-03 13:12:18.548874,BD49B35A-8999-4987-9759-8D3F28D1292B,520.0,192.0,0.5
2015-06-03 13:12:18.596565,BD49B35A-8999-4987-9759-8D3F28D1292B,521.0,191.5,1.1180340051651
2015-06-03 13:12:18.617774,BD49B35A-8999-4987-9759-8D3F28D1292B,522.0,191.0,1.1180340051651
2015-06-03 13:12:18.632177,BD49B35A-8999-4987-9759-8D3F28D1292B,523.0,189.5,1.8027756214141848
2015-06-03 13:12:18.649650,BD49B35A-8999-4987-9759-8D3F28D1292B,523.5,189.5,0.5
2015-06-03 13:12:18.666256,BD49B35A-8999-4987-9759-8D3F28D1292B,524.0,188.5,1.1180340051651
2015-06-03 13:12:18.683478,BD49B35A-8999-4987-9759-8D3F28D1292B,524.0,188.0,0.5
2015-06-03 13:12:18.699380,BD49B35A-8999-4987-9759-8D3F28D1292B,524.0,187.5,0.5
2015-06-03 13:12:18.714267,BD49B35A-8999-4987-9759-8D3F28D1292B,524.0,187.0,0.5
2015-06-03 13:12:18.831571,BD49B35A-8999-4987-9759-8D3F28D1292B,523.5,187.0,0.5
2015-06-03 13:12:18.848637,BD49B35A-8999-4987-9759-8D3F28D1292B,523.0,187.0,0.5
2015-06-03 13:12:18.865440,BD49B35A-8999-4987-9759-8D3F28D1292B,522.5,187.0,0.5
2015-06-03 13:12:18.882967,BD49B35A-8999-4987-9759-8D3F28D1292B,521.5,187.0,1.0
2015-06-03 13:12:18.898214,BD49B35A-8999-4987-9759-8D3F28D1292B,519.5,187.0,2.0
2015-06-03 13:12:18.915196,BD49B35A-8999-4987-9759-8D3F28D1292B,517.0,187.0,2.5
2015-06-03 13:12:18.932225,BD49B35A-8999-4987-9759-8D3F28D1292B,513.5,187.0,3.5
2015-06-03 13:12:18.948195,BD49B35A-8999-4987-9759-8D3F28D1292B,509.5,187.0,4.0
2015-06-03 13:12:18.964058,BD49B35A-8999-4987-9759-8D3F28D1292B,505.0,187.0,4.5
2015-06-03 13:12:18.981479,BD49B35A-8999-4987-9759-8D3F28D1292B,500.0,187.5,5.024937629699707
2015-06-03 13:12:19.001133,BD49B35A-8999-4987-9759-8D3F28D1292B,494.5,189.0,5.700877189636231
2015-06-03 13:12:19.014759,BD49B35A-8999-4987-9759-8D3F28D1292B,490.0,190.0,4.609772205352783
2015-06-03 13:12:19.032001,BD49B35A-8999-4987-9759-8D3F28D1292B,484.5,192.0,5.8523497581481925
2015-06-03 13:12:19.048396,BD49B35A-8999-4987-9759-8D3F28D1292B,480.5,193.0,4.123105525970459
2015-06-03 13:12:19.065008,BD49B35A-8999-4987-9759-8D3F28D1292B,475.5,195.0,5.385164737701416
2015-06-03 13:12:19.080557,BD49B35A-8999-4987-9759-8D3F28D1292B,471.0,196.5,4.7434163093566895
2015-06-03 13:12:19.098851,BD49B35A-8999-4987-9759-8D3F28D1292B,466.5,198.5,4.924428939819336
2015-06-03 13:12:19.113985,BD49B35A-8999-4987-9759-8D3F28D1292B,462.5,200.0,4.2720017433166495
2015-06-03 13:12:19.134729,BD49B35A-8999-4987-9759-8D3F28D1292B,458.5,202.0,4.4721360206604
2015-06-03 13:12:19.148386,BD49B35A-8999-4987-9759-8D3F28D1292B,454.0,204.5,5.147815227508545
2015-06-03 13:12:19.165700,BD49B35A-8999-4987-9759-8D3F28D1292B,450.0,206.5,4.4721360206604
2015-06-03 13:12:19.182688,BD49B35A-8999-4987-9759-8D3F28D1292B,446.5,209.0,4.3011627197265625
2015-06-03 13:12:19.198662,BD49B35A-8999-4987-9759-8D3F28D1292B,442.0,211.5,5.147815227508545
2015-06-03 13:12:19.215753,BD49B35A-8999-4987-9759-8D3F28D1292B,438.5,214.5,4.609772205352783
2015-06-03 13:12:19.232519,BD49B35A-8999-4987-9759-8D3F28D1292B,434.5,218.0,5.315073013305664
2015-06-03 13:12:19.247849,BD49B35A-8999-4987-9759-8D3F28D1292B,431.5,220.5,3.90512490272522
2015-06-03 13:12:19.264721,BD49B35A-8999-4987-9759-8D3F28D1292B,428.0,223.5,4.609772205352783
2015-06-03 13:12:19.285109,BD49B35A-8999-4987-9759-8D3F28D1292B,425.0,226.0,3.90512490272522
2015-06-03 13:12:19.298667,BD49B35A-8999-4987-9759-8D3F28D1292B,422.0,228.5,3.90512490272522
2015-06-03 13:12:19.314555,BD49B35A-8999-4987-9759-8D3F28D1292B,419.0,231.0,3.90512490272522
2015-06-03 13:12:19.331841,BD49B35A-8999-4987-9759-8D3F28D1292B,415.0,233.5,4.716990470886231
2015-06-03 13:12:19.347733,BD49B35A-8999-4987-9759-8D3F28D1292B,411.5,237.0,4.949747562408447
2015-06-03 13:12:19.364343,BD49B35A-8999-4987-9759-8D3F28D1292B,408.0,240.5,4.949747562408447
2015-06-03 13:12:19.381022,BD49B35A-8999-4987-9759-8D3F28D1292B,403.5,244.5,6.020797252655028
2015-06-03 13:12:19.397883,BD49B35A-8999-4987-9759-8D3F28D1292B,399.5,248.0,5.315073013305664
2015-06-03 13:12:19.415031,BD49B35A-8999-4987-9759-8D3F28D1292B,395.5,252.0,5.6568541526794425
2015-06-03 13:12:19.432436,BD49B35A-8999-4987-9759-8D3F28D1292B,392.0,256.0,5.315073013305664
2015-06-03 13:12:19.447738,BD49B35A-8999-4987-9759-8D3F28D1292B,388.0,260.0,5.6568541526794425
2015-06-03 13:12:19.466100,BD49B35A-8999-4987-9759-8D3F28D1292B,383.0,265.0,7.071067810058594
2015-06-03 13:12:19.484117,BD49B35A-8999-4987-9759-8D3F28D1292B,378.5,269.5,6.363961219787598
2015-06-03 13:12:19.497452,BD49B35A-8999-4987-9759-8D3F28D1292B,374.5,274.0,6.020797252655028
2015-06-03 13:12:19.514235,BD49B35A-8999-4987-9759-8D3F28D1292B,369.5,279.0,7.071067810058594
2015-06-03 13:12:19.534239,BD49B35A-8999-4987-9759-8D3F28D1292B,365.0,284.0,6.72681188583374
2015-06-03 13:12:19.548636,BD49B35A-8999-4987-9759-8D3F28D1292B,361.0,289.0,6.4031243324279785
2015-06-03 13:12:19.564039,BD49B35A-8999-4987-9759-8D3F28D1292B,356.0,295.0,7.810249805450439
2015-06-03 13:12:19.580846,BD49B35A-8999-4987-9759-8D3F28D1292B,352.0,300.5,6.8007354736328125
2015-06-03 13:12:19.597126,BD49B35A-8999-4987-9759-8D3F28D1292B,348.0,306.0,6.8007354736328125
2015-06-03 13:12:19.613208,BD49B35A-8999-4987-9759-8D3F28D1292B,344.5,310.0,5.315073013305664
2015-06-03 13:12:19.630917,BD49B35A-8999-4987-9759-8D3F28D1292B,341.5,315.5,6.264982223510742
2015-06-03 13:12:19.647222,BD49B35A-8999-4987-9759-8D3F28D1292B,337.5,321.0,6.8007354736328125
2015-06-03 13:12:19.666150,BD49B35A-8999-4987-9759-8D3F28D1292B,335.0,325.5,5.147815227508545
2015-06-03 13:12:19.684120,BD49B35A-8999-4987-9759-8D3F28D1292B,332.5,329.5,4.716990470886231
2015-06-03 13:12:19.698914,BD49B35A-8999-4987-9759-8D3F28D1292B,329.5,335.0,6.264982223510742
2015-06-03 13:12:19.716327,BD49B35A-8999-4987-9759-8D3F28D1292B,327.0,339.5,5.147815227508545
2015-06-03 13:12:19.734433,BD49B35A-8999-4987-9759-8D3F28D1292B,324.5,344.5,5.590169906616211
2015-06-03 13:12:19.748843,BD49B35A-8999-4987-9759-8D3F28D1292B,322.5,350.0,5.8523497581481925
2015-06-03 13:12:19.766233,BD49B35A-8999-4987-9759-8D3F28D1292B,321.0,354.0,4.2720017433166495
2015-06-03 13:12:19.782697,BD49B35A-8999-4987-9759-8D3F28D1292B,320.0,358.0,4.123105525970459
2015-06-03 13:12:19.799019,BD49B35A-8999-4987-9759-8D3F28D1292B,318.0,363.0,5.385164737701416
2015-06-03 13:12:19.815162,BD49B35A-8999-4987-9759-8D3F28D1292B,317.5,367.5,4.527692794799805
2015-06-03 13:12:19.832329,BD49B35A-8999-4987-9759-8D3F28D1292B,317.0,372.0,4.527692794799805
2015-06-03 13:12:19.849423,BD49B35A-8999-4987-9759-8D3F28D1292B,316.5,376.5,4.527692794799805
2015-06-03 13:12:19.863585,BD49B35A-8999-4987-9759-8D3F28D1292B,316.0,381.0,4.527692794799805
2015-06-03 13:12:19.880940,BD49B35A-8999-4987-9759-8D3F28D1292B,315.5,384.5,3.535533905029297
2015-06-03 13:12:19.897507,BD49B35A-8999-4987-9759-8D3F28D1292B,315.5,388.5,4.0
2015-06-03 13:12:19.916025,BD49B35A-8999-4987-9759-8D3F28D1292B,315.0,393.0,4.527692794799805
2015-06-03 13:12:19.933243,BD49B35A-8999-4987-9759-8D3F28D1292B,314.5,397.0,4.031128883361816
2015-06-03 13:12:19.948921,BD49B35A-8999-4987-9759-8D3F28D1292B,314.5,401.0,4.0
2015-06-03 13:12:19.965784,BD49B35A-8999-4987-9759-8D3F28D1292B,314.5,405.5,4.5
2015-06-03 13:12:19.983397,BD49B35A-8999-4987-9759-8D3F28D1292B,314.5,408.5,3.0
2015-06-03 13:12:19.996904,BD49B35A-8999-4987-9759-8D3F28D1292B,314.5,412.0,3.5
2015-06-03 13:12:20.013505,BD49B35A-8999-4987-9759-8D3F28D1292B,314.5,415.5,3.5
2015-06-03 13:12:20.032623,BD49B35A-8999-4987-9759-8D3F28D1292B,314.5,419.5,4.0
2015-06-03 13:12:20.049035,BD49B35A-8999-4987-9759-8D3F28D1292B,314.5,423.0,3.5
2015-06-03 13:12:20.065222,BD49B35A-8999-4987-9759-8D3F28D1292B,314.5,426.5,3.5
2015-06-03 13:12:20.082715,BD49B35A-8999-4987-9759-8D3F28D1292B,314.5,429.5,3.0
2015-06-03 13:12:20.099220,BD49B35A-8999-4987-9759-8D3F28D1292B,315.5,432.0,2.692582368850708
2015-06-03 13:12:20.115578,BD49B35A-8999-4987-9759-8D3F28D1292B,315.5,435.0,3.0
2015-06-03 13:12:20.132145,BD49B35A-8999-4987-9759-8D3F28D1292B,317.0,438.0,3.3541018962860107
2015-06-03 13:12:20.149177,BD49B35A-8999-4987-9759-8D3F28D1292B,318.0,441.5,3.640054941177368
2015-06-03 13:12:20.165789,BD49B35A-8999-4987-9759-8D3F28D1292B,319.0,445.5,4.123105525970459
2015-06-03 13:12:20.182933,BD49B35A-8999-4987-9759-8D3F28D1292B,320.5,451.0,5.700877189636231
2015-06-03 13:12:20.199373,BD49B35A-8999-4987-9759-8D3F28D1292B,322.0,455.0,4.2720017433166495
2015-06-03 13:12:20.215819,BD49B35A-8999-4987-9759-8D3F28D1292B,324.0,459.0,4.4721360206604
2015-06-03 13:12:20.233030,BD49B35A-8999-4987-9759-8D3F28D1292B,326.0,464.0,5.385164737701416
2015-06-03 13:12:20.247209,BD49B35A-8999-4987-9759-8D3F28D1292B,329.0,469.0,5.830951690673827
2015-06-03 13:12:20.263576,BD49B35A-8999-4987-9759-8D3F28D1292B,332.5,475.0,6.9462218284606925
2015-06-03 13:12:20.281026,BD49B35A-8999-4987-9759-8D3F28D1292B,335.0,479.5,5.147815227508545
2015-06-03 13:12:20.297824,BD49B35A-8999-4987-9759-8D3F28D1292B,337.5,483.5,4.716990470886231
2015-06-03 13:12:20.314422,BD49B35A-8999-4987-9759-8D3F28D1292B,340.0,487.0,4.3011627197265625
2015-06-03 13:12:20.330965,BD49B35A-8999-4987-9759-8D3F28D1292B,342.0,491.0,4.4721360206604
2015-06-03 13:12:20.347222,BD49B35A-8999-4987-9759-8D3F28D1292B,345.0,496.0,5.830951690673827
2015-06-03 13:12:20.364147,BD49B35A-8999-4987-9759-8D3F28D1292B,347.5,500.5,5.147815227508545
2015-06-03 13:12:20.380827,BD49B35A-8999-4987-9759-8D3F28D1292B,351.0,507.0,7.382411479949951
2015-06-03 13:12:20.396964,BD49B35A-8999-4987-9759-8D3F28D1292B,354.0,511.0,5.0
2015-06-03 13:12:20.414494,BD49B35A-8999-4987-9759-8D3F28D1292B,357.0,515.5,5.408327102661133
2015-06-03 13:12:20.432793,BD49B35A-8999-4987-9759-8D3F28D1292B,360.0,520.0,5.408327102661133
2015-06-03 13:12:20.449413,BD49B35A-8999-4987-9759-8D3F28D1292B,363.0,524.0,5.0
2015-06-03 13:12:20.465613,BD49B35A-8999-4987-9759-8D3F28D1292B,366.5,529.0,6.1032776832580575
2015-06-03 13:12:20.482712,BD49B35A-8999-4987-9759-8D3F28D1292B,369.5,532.5,4.609772205352783
2015-06-03 13:12:20.499933,BD49B35A-8999-4987-9759-8D3F28D1292B,374.0,537.5,6.72681188583374
2015-06-03 13:12:20.513950,BD49B35A-8999-4987-9759-8D3F28D1292B,379.5,542.0,7.106335163116455
2015-06-03 13:12:20.530793,BD49B35A-8999-4987-9759-8D3F28D1292B,385.5,547.0,7.810249805450439
2015-06-03 13:12:20.549304,BD49B35A-8999-4987-9759-8D3F28D1292B,391.0,551.5,7.106335163116455
2015-06-03 13:12:20.565806,BD49B35A-8999-4987-9759-8D3F28D1292B,396.5,556.5,7.433034420013428
2015-06-03 13:12:20.583308,BD49B35A-8999-4987-9759-8D3F28D1292B,403.0,560.5,7.632168769836426
2015-06-03 13:12:20.599214,BD49B35A-8999-4987-9759-8D3F28D1292B,409.5,563.5,7.1589107513427725
2015-06-03 13:12:20.615808,BD49B35A-8999-4987-9759-8D3F28D1292B,416.0,567.0,7.382411479949951
2015-06-03 13:12:20.633150,BD49B35A-8999-4987-9759-8D3F28D1292B,423.0,570.0,7.6157732009887695
2015-06-03 13:12:20.649024,BD49B35A-8999-4987-9759-8D3F28D1292B,432.0,574.0,9.848857879638672
2015-06-03 13:12:20.665958,BD49B35A-8999-4987-9759-8D3F28D1292B,439.5,577.5,8.276473045349121
2015-06-03 13:12:20.682532,BD49B35A-8999-4987-9759-8D3F28D1292B,446.5,580.5,7.6157732009887695
2015-06-03 13:12:20.699737,BD49B35A-8999-4987-9759-8D3F28D1292B,454.0,583.0,7.905694007873535
2015-06-03 13:12:20.715598,BD49B35A-8999-4987-9759-8D3F28D1292B,460.0,584.5,6.184658527374268
2015-06-03 13:12:20.731168,BD49B35A-8999-4987-9759-8D3F28D1292B,466.5,585.5,6.5764732360839835
2015-06-03 13:12:20.747678,BD49B35A-8999-4987-9759-8D3F28D1292B,472.5,585.5,6.0
2015-06-03 13:12:20.763432,BD49B35A-8999-4987-9759-8D3F28D1292B,480.5,586.0,8.015609741210938
2015-06-03 13:12:20.780867,BD49B35A-8999-4987-9759-8D3F28D1292B,487.5,586.0,7.0
2015-06-03 13:12:20.797361,BD49B35A-8999-4987-9759-8D3F28D1292B,493.5,586.0,6.0
2015-06-03 13:12:20.814161,BD49B35A-8999-4987-9759-8D3F28D1292B,500.0,586.0,6.5
2015-06-03 13:12:20.830175,BD49B35A-8999-4987-9759-8D3F28D1292B,508.0,586.0,8.0
2015-06-03 13:12:20.846596,BD49B35A-8999-4987-9759-8D3F28D1292B,515.5,586.0,7.5
2015-06-03 13:12:20.863682,BD49B35A-8999-4987-9759-8D3F28D1292B,522.0,586.0,6.5
2015-06-03 13:12:20.881266,BD49B35A-8999-4987-9759-8D3F28D1292B,529.5,586.0,7.5
2015-06-03 13:12:20.896687,BD49B35A-8999-4987-9759-8D3F28D1292B,537.5,585.0,8.062257766723633
2015-06-03 13:12:20.913589,BD49B35A-8999-4987-9759-8D3F28D1292B,544.0,584.0,6.5764732360839835
2015-06-03 13:12:20.933090,BD49B35A-8999-4987-9759-8D3F28D1292B,550.5,583.0,6.5764732360839835
2015-06-03 13:12:20.948937,BD49B35A-8999-4987-9759-8D3F28D1292B,557.0,581.5,6.67083215713501
2015-06-03 13:12:20.965369,BD49B35A-8999-4987-9759-8D3F28D1292B,563.5,580.0,6.67083215713501
2015-06-03 13:12:20.982427,BD49B35A-8999-4987-9759-8D3F28D1292B,570.5,578.0,7.280109882354736
2015-06-03 13:12:20.999179,BD49B35A-8999-4987-9759-8D3F28D1292B,576.5,575.5,6.5
2015-06-03 13:12:21.013675,BD49B35A-8999-4987-9759-8D3F28D1292B,584.5,572.0,8.732124328613281
2015-06-03 13:12:21.030460,BD49B35A-8999-4987-9759-8D3F28D1292B,592.0,569.0,8.077747344970701
2015-06-03 13:12:21.047054,BD49B35A-8999-4987-9759-8D3F28D1292B,598.5,566.0,7.1589107513427725
2015-06-03 13:12:21.064180,BD49B35A-8999-4987-9759-8D3F28D1292B,604.0,564.0,5.8523497581481925
2015-06-03 13:12:21.080548,BD49B35A-8999-4987-9759-8D3F28D1292B,610.0,561.5,6.5
2015-06-03 13:12:21.096776,BD49B35A-8999-4987-9759-8D3F28D1292B,615.5,559.0,6.041522979736327
2015-06-03 13:12:21.114831,BD49B35A-8999-4987-9759-8D3F28D1292B,621.0,556.0,6.264982223510742
2015-06-03 13:12:21.131284,BD49B35A-8999-4987-9759-8D3F28D1292B,625.0,553.0,5.0
2015-06-03 13:12:21.146654,BD49B35A-8999-4987-9759-8D3F28D1292B,629.0,549.5,5.315073013305664
2015-06-03 13:12:21.163964,BD49B35A-8999-4987-9759-8D3F28D1292B,634.5,545.0,7.106335163116455
2015-06-03 13:12:21.181155,BD49B35A-8999-4987-9759-8D3F28D1292B,640.0,540.5,7.106335163116455
2015-06-03 13:12:21.197951,BD49B35A-8999-4987-9759-8D3F28D1292B,646.0,536.0,7.5
2015-06-03 13:12:21.214181,BD49B35A-8999-4987-9759-8D3F28D1292B,652.0,530.5,8.139410018920897
2015-06-03 13:12:21.230629,BD49B35A-8999-4987-9759-8D3F28D1292B,659.0,523.0,10.25914192199707
2015-06-03 13:12:21.247280,BD49B35A-8999-4987-9759-8D3F28D1292B,665.5,516.5,9.192388534545898
2015-06-03 13:12:21.263070,BD49B35A-8999-4987-9759-8D3F28D1292B,673.0,510.0,9.92471694946289
2015-06-03 13:12:21.283686,BD49B35A-8999-4987-9759-8D3F28D1292B,681.0,501.5,11.67261791229248
2015-06-03 13:12:21.299181,BD49B35A-8999-4987-9759-8D3F28D1292B,692.0,490.0,15.913830757141113
2015-06-03 13:12:21.464263,BD49B35A-8999-4987-9759-8D3F28D1292B,806.5,247.0,0.0
2015-06-03 13:12:21.480789,BD49B35A-8999-4987-9759-8D3F28D1292B,809.5,243.0,5.0
2015-06-03 13:12:21.500495,BD49B35A-8999-4987-9759-8D3F28D1292B,813.0,235.5,8.276473045349121
2015-06-03 13:12:21.522163,BD49B35A-8999-4987-9759-8D3F28D1292B,816.0,230.0,6.264982223510742
2015-06-03 13:15:00.468221,BD49B35A-8999-4987-9759-8D3F28D1292B,741.5,525.5,0.0
2015-06-03 13:15:00.473255,BD49B35A-8999-4987-9759-8D3F28D1292B,733.5,524.0,8.139410018920897
2015-06-03 13:15:00.474636,BD49B35A-8999-4987-9759-8D3F28D1292B,723.0,522.0,10.6887788772583
2015-06-03 13:15:00.475716,BD49B35A-8999-4987-9759-8D3F28D1292B,714.0,516.0,10.816654205322266
2015-06-03 13:15:00.476838,BD49B35A-8999-4987-9759-8D3F28D1292B,704.5,508.0,12.419742584228516
2015-06-03 13:15:00.478005,BD49B35A-8999-4987-9759-8D3F28D1292B,693.5,498.0,14.866068840026855
2015-06-03 13:15:00.479192,BD49B35A-8999-4987-9759-8D3F28D1292B,682.0,488.5,14.916434288024902
2015-06-03 13:15:00.480395,BD49B35A-8999-4987-9759-8D3F28D1292B,670.0,480.0,14.70544147491455
2015-06-03 13:15:00.481563,BD49B35A-8999-4987-9759-8D3F28D1292B,655.5,472.5,16.324827194213867
2015-06-03 13:15:00.482735,BD49B35A-8999-4987-9759-8D3F28D1292B,640.5,465.0,16.770509719848633
2015-06-03 13:15:00.483836,BD49B35A-8999-4987-9759-8D3F28D1292B,625.0,458.5,16.807735443115234
2015-06-03 13:15:00.484816,BD49B35A-8999-4987-9759-8D3F28D1292B,609.5,453.0,16.446884155273438
2015-06-03 13:15:00.485728,BD49B35A-8999-4987-9759-8D3F28D1292B,593.0,445.0,18.337120056152344
2015-06-03 13:15:00.486608,BD49B35A-8999-4987-9759-8D3F28D1292B,578.0,436.5,17.24094009399414
2015-06-03 13:15:00.487561,BD49B35A-8999-4987-9759-8D3F28D1292B,563.5,425.5,18.200275421142575
2015-06-03 13:15:00.488431,BD49B35A-8999-4987-9759-8D3F28D1292B,549.5,414.0,18.1176700592041
2015-06-03 13:15:00.489358,BD49B35A-8999-4987-9759-8D3F28D1292B,536.0,402.0,18.06239128112793
2015-06-03 13:15:00.490287,BD49B35A-8999-4987-9759-8D3F28D1292B,519.5,388.5,21.319005966186523
2015-06-03 13:15:00.491194,BD49B35A-8999-4987-9759-8D3F28D1292B,503.5,373.5,21.931713104248047
2015-06-03 13:15:00.492005,BD49B35A-8999-4987-9759-8D3F28D1292B,488.0,359.5,20.886598587036133
2015-06-03 13:15:01.082086,BD49B35A-8999-4987-9759-8D3F28D1292B,524.5,371.0,0.0
2015-06-03 13:15:01.084245,BD49B35A-8999-4987-9759-8D3F28D1292B,518.5,369.5,6.184658527374268
2015-06-03 13:15:01.085728,BD49B35A-8999-4987-9759-8D3F28D1292B,516.0,369.5,2.5
2015-06-03 13:15:01.223891,BD49B35A-8999-4987-9759-8D3F28D1292B,612.5,464.0,0.0
2015-06-03 13:15:01.698300,BD49B35A-8999-4987-9759-8D3F28D1292B,714.0,554.0,0.0
2015-06-03 13:15:01.701218,BD49B35A-8999-4987-9759-8D3F28D1292B,724.0,559.0,11.180339813232422
2015-06-03 13:15:01.826419,BD49B35A-8999-4987-9759-8D3F28D1292B,827.0,593.0,0.0
2015-06-03 13:15:01.839499,BD49B35A-8999-4987-9759-8D3F28D1292B,835.0,596.5,8.732124328613281
2015-06-03 13:15:01.865815,BD49B35A-8999-4987-9759-8D3F28D1292B,846.5,600.0,12.020814895629885
2015-06-03 13:15:01.878699,BD49B35A-8999-4987-9759-8D3F28D1292B,857.0,601.5,10.60660171508789
2015-06-03 13:15:09.283583,BD49B35A-8999-4987-9759-8D3F28D1292B,754.0,595.5,0.0
2015-06-03 13:15:09.286053,BD49B35A-8999-4987-9759-8D3F28D1292B,901.5,638.0,0.0
2015-06-03 13:15:09.484766,BD49B35A-8999-4987-9759-8D3F28D1292B,747.0,600.0,8.321658134460451
2015-06-03 13:15:09.518011,BD49B35A-8999-4987-9759-8D3F28D1292B,743.5,604.5,5.700877189636231
2015-06-03 13:15:09.539622,BD49B35A-8999-4987-9759-8D3F28D1292B,740.5,607.0,3.90512490272522
2015-06-03 13:15:09.571499,BD49B35A-8999-4987-9759-8D3F28D1292B,738.0,610.0,3.90512490272522
2015-06-03 13:15:10.107471,BD49B35A-8999-4987-9759-8D3F28D1292B,748.0,593.0,0.0
2015-06-03 13:15:10.110079,BD49B35A-8999-4987-9759-8D3F28D1292B,886.5,653.5,0.0
2015-06-03 13:15:10.169377,BD49B35A-8999-4987-9759-8D3F28D1292B,750.5,601.0,8.381526947021483
2015-06-03 13:15:10.187189,BD49B35A-8999-4987-9759-8D3F28D1292B,892.5,667.0,0.0
2015-06-03 13:15:10.189003,BD49B35A-8999-4987-9759-8D3F28D1292B,750.5,602.0,1.0
2015-06-03 13:15:10.202996,BD49B35A-8999-4987-9759-8D3F28D1292B,750.5,604.5,2.5
2015-06-03 13:15:10.204940,BD49B35A-8999-4987-9759-8D3F28D1292B,893.0,668.5,1.5811388492584229
2015-06-03 13:15:10.218788,BD49B35A-8999-4987-9759-8D3F28D1292B,750.5,606.5,2.0
2015-06-03 13:15:10.607271,BD49B35A-8999-4987-9759-8D3F28D1292B,896.0,663.0,0.0
2015-06-03 13:15:10.609558,BD49B35A-8999-4987-9759-8D3F28D1292B,753.0,602.5,0.0
2015-06-03 13:15:10.610924,BD49B35A-8999-4987-9759-8D3F28D1292B,748.0,606.5,6.4031243324279785
2015-06-03 13:15:10.617277,BD49B35A-8999-4987-9759-8D3F28D1292B,748.0,609.0,2.5
2015-06-03 13:15:12.118797,BD49B35A-8999-4987-9759-8D3F28D1292B,758.0,597.5,0.0
2015-06-03 13:15:12.121362,BD49B35A-8999-4987-9759-8D3F28D1292B,878.5,624.5,0.0
2015-06-03 13:15:12.122813,BD49B35A-8999-4987-9759-8D3F28D1292B,758.0,595.0,2.5
2015-06-03 13:15:12.124077,BD49B35A-8999-4987-9759-8D3F28D1292B,877.5,625.0,1.1180340051651
2015-06-03 13:15:12.125249,BD49B35A-8999-4987-9759-8D3F28D1292B,745.5,593.0,12.65898895263672
2015-06-03 13:15:12.126374,BD49B35A-8999-4987-9759-8D3F28D1292B,877.0,625.0,0.5
2015-06-03 13:15:12.127530,BD49B35A-8999-4987-9759-8D3F28D1292B,739.5,592.5,6.020797252655028
2015-06-03 13:15:12.128721,BD49B35A-8999-4987-9759-8D3F28D1292B,875.5,624.5,1.5811388492584229
2015-06-03 13:15:12.129889,BD49B35A-8999-4987-9759-8D3F28D1292B,736.5,591.5,3.1622776985168457
2015-06-03 13:15:12.131064,BD49B35A-8999-4987-9759-8D3F28D1292B,874.0,624.5,1.5
2015-06-03 13:15:12.132200,BD49B35A-8999-4987-9759-8D3F28D1292B,735.0,590.5,1.8027756214141848
2015-06-03 13:15:12.133358,BD49B35A-8999-4987-9759-8D3F28D1292B,872.0,624.5,2.0
2015-06-03 13:15:12.134265,BD49B35A-8999-4987-9759-8D3F28D1292B,735.0,590.0,0.5
2015-06-03 13:15:12.143163,BD49B35A-8999-4987-9759-8D3F28D1292B,925.0,696.5,0.0
2015-06-03 13:15:12.145401,BD49B35A-8999-4987-9759-8D3F28D1292B,869.5,623.0,2.9154758453369136
2015-06-03 13:15:12.146443,BD49B35A-8999-4987-9759-8D3F28D1292B,735.0,589.0,1.0
2015-06-03 13:15:12.158757,BD49B35A-8999-4987-9759-8D3F28D1292B,740.5,588.5,5.522680282592773
2015-06-03 13:15:12.160693,BD49B35A-8999-4987-9759-8D3F28D1292B,925.0,696.0,0.5
2015-06-03 13:15:12.173140,BD49B35A-8999-4987-9759-8D3F28D1292B,869.0,623.0,0.5
2015-06-03 13:15:12.193065,BD49B35A-8999-4987-9759-8D3F28D1292B,868.0,622.5,1.1180340051651
2015-06-03 13:15:12.205439,BD49B35A-8999-4987-9759-8D3F28D1292B,867.0,622.0,1.1180340051651
2015-06-03 13:15:12.220757,BD49B35A-8999-4987-9759-8D3F28D1292B,924.5,696.0,0.5
